-146197.288   262.347     0.00   11.33
-145821.387   257.683   -12.41   13.00
-145445.496   252.147   -14.73   12.61
-145069.617   245.597   -17.43   11.61
-144693.749   243.238    -6.28    9.50
-144317.893   241.978    -3.35    7.00
-143942.049   243.341     3.63    7.78
-143566.215   248.744    14.38   13.00
-143190.393   257.719    23.88   18.93
-142814.583   265.072    19.57   19.78
-142438.784   270.900    15.51   19.31
-142062.996   272.229     3.54   16.23
-141687.220   275.426     8.51   16.78
-141311.455   284.172    23.28   17.65
-140935.702   288.329    11.06   14.62
-140559.960   294.192    15.61   12.00
-140184.229   298.623    11.79   11.79
-139808.510   302.841    11.23   12.19
-139432.802   308.548    15.19   12.32
-139057.106   311.061     6.69   11.85
-138681.421   318.997    21.13   15.85
-138305.747   337.472    49.18   30.55
-137930.085   357.322    52.85   34.67
-137554.434   375.572    48.59   27.48
-137178.795   386.426    28.90   21.90
-136803.167   396.022    25.55   15.97
-136427.550   400.197    11.12   14.75
-136051.945   409.426    24.57   14.28
-135676.351   418.772    24.88   14.64
-135300.768   429.172    27.69   15.13
-134925.197   440.392    29.88   15.49
-134549.637   451.645    29.97   16.08
-134174.088   460.548    23.71   11.36
-133798.551   465.280    12.60    9.02
-133423.026   468.347     8.17    7.85
-133047.511   471.571     8.59    8.09
-132672.008   474.688     8.30    8.57
-132296.516   477.147     6.55    7.59
-131921.036   476.982    -0.44    8.92
-131545.567   475.646    -3.56   10.38
-131170.109   477.546     5.06   10.55
-130794.662   480.978     9.14   11.23
-130419.227   479.879    -2.93   12.30
-130043.804   475.872   -10.67   15.28
-129668.391   470.695   -13.79   18.03
-129292.990   466.238   -11.87   16.08
-128917.600   466.692     1.21   14.06
-128542.222   469.571     7.67    8.20
-128166.855   470.272     1.87    7.51
-127791.499   470.872     1.60   11.02
-127416.154   472.622     4.66   15.59
-127040.821   470.822    -4.79   21.04
-126665.499   461.987   -23.54   29.74
-126290.188   444.872   -45.61   37.47
-125914.889   420.222   -65.69   33.31
-125539.601   402.522   -47.17   20.36
-125164.324   393.378   -24.37   16.52
-124789.059   389.897    -9.28   17.25
-124413.804   396.524    17.66   21.07
-124038.561   403.176    17.73   19.05
-123663.330   401.497    -4.47   14.95
-123288.109   403.372     5.00   15.91
-122912.900   396.322   -18.79   16.50
-122537.702   388.497   -20.86   18.60
-122162.516   385.033    -9.23   18.06
-121787.341   395.407    27.65   31.26
-121412.177   396.418     2.70   32.59
-121037.024   380.963   -41.20   46.21
-120661.882   352.397   -76.15   52.48
-120286.752   320.197   -85.84   33.04
-119911.633   299.737   -54.55   15.82
-119536.525   290.150   -25.56    9.65
-119161.429   283.744   -17.08    7.10
-118786.343   277.207   -17.43    6.77
-118411.269   272.280   -13.14    6.23
-118036.207   268.036   -11.32    5.55
-117661.155   264.520    -9.38    5.00
-117286.115   261.747    -7.39    4.81
-116911.086   259.187    -6.83    4.62
-116536.068   255.890    -8.79    5.90
-116161.061   252.747    -8.38    6.10
-115786.066   249.297    -9.20    6.05
-115411.081   245.322   -10.60    5.06
-115036.108   242.418    -7.75    4.21
-114661.146   239.447    -7.92    3.29
-114286.196   238.097    -3.60    3.42
-113911.256   237.695    -1.07    4.10
-113536.328   236.036    -4.42    4.77
-113161.411   234.172    -4.97    4.35
-112786.506   232.997    -3.13    3.40
-112411.611   234.281     3.43    4.39
-112036.728   237.574     8.78    5.93
-111661.855   239.372     4.80    5.33
-111286.994   238.972    -1.07    5.95
-110912.144   235.097   -10.34    6.45
-110537.306   233.443    -4.41    4.08
-110162.478   234.711     3.38    4.66
-109787.662   237.572     7.63    5.59
-109412.857   241.072     9.34    5.06
-109038.063   245.272    11.21    5.48
-108663.280   248.134     7.64    6.77
-108288.509   252.050    10.45    6.47
-107913.748   255.939    10.38    4.75
-107538.999   259.697    10.03    5.64
-107164.261   263.722    10.74    5.61
-106789.534   266.768     8.13    5.28
-106414.818   270.147     9.02    5.30
-106038.353   274.520    11.62    5.66
-105661.416   279.443    13.06    6.82
-105284.491   285.854    17.01    9.68
-104907.577   291.097    13.91    9.47
-104530.674   297.695    17.51   10.11
-104153.783   301.914    11.20   11.12
-103776.903   306.497    12.16   13.35
-103400.034   311.808    14.09   17.77
-103023.177   312.797     2.63   19.20
-102646.330   313.922     2.99   20.21
-102269.495   314.697     2.06   17.59
-101892.671   309.847   -12.87   14.82
-101515.859   305.018   -12.82   15.71
-101139.058   296.645   -22.22   16.34
-100762.268   287.392   -24.56   12.19
-100385.489   283.817    -9.49    9.84
-100008.721   283.572    -0.65    9.24
 -99631.965   285.187     4.29    8.94
 -99255.220   288.550     8.93    9.03
 -98878.486   290.443     5.03    8.71
 -98501.763   291.744     3.45    7.87
 -98125.052   290.546    -3.18    9.07
 -97748.352   285.797   -12.61    9.27
 -97371.663   280.993   -12.76    9.05
 -96994.985   278.755    -5.94    8.71
 -96618.319   282.422     9.74   14.25
 -96241.664   294.722    32.66   21.71
 -95865.020   299.280    12.10   19.15
 -95488.387   300.158     2.33   16.75
 -95111.765   296.781    -8.97   16.08
 -94735.155   289.447   -19.48   12.48
 -94358.555   282.997   -17.13    6.82
 -93981.967   280.012    -7.93    8.37
 -93605.391   275.497   -11.99    8.10
 -93228.825   270.879   -12.26    6.57
 -92852.271   266.469   -11.71    6.45
 -92475.727   262.447   -10.68    6.42
 -92099.195   259.172    -8.70    4.81
 -91722.674   256.768    -6.39    3.98
 -91346.165   255.422    -3.57    3.78
 -90969.666   253.647    -4.71    4.08
 -90593.179   251.354    -6.09    4.27
 -90216.703   248.522    -7.52    5.14
 -89840.238   245.047    -9.23    4.90
 -89463.784   243.247    -4.78    4.27
 -89087.341   242.747    -1.33    5.82
 -88710.910   243.650     2.40    7.49
 -88334.489   244.859     3.21    8.11
 -87958.080   244.161    -1.85    7.65
 -87581.682   242.197    -5.22    6.16
 -87205.295   238.972    -8.57    4.71
 -86828.919   236.956    -5.36    5.53
 -86452.555   235.240    -4.56    6.43
 -86076.201   231.264   -10.57    6.02
 -85699.859   228.647    -6.95    5.55
 -85323.528   226.700    -5.18    4.73
 -84947.208   224.397    -6.12    4.86
 -84570.899   222.900    -3.98    5.12
 -84194.601   222.624    -0.73    5.18
 -83818.314   222.172    -1.20    5.49
 -83442.039   222.280     0.29    6.28
 -83065.774   222.768     1.30    5.04
 -82689.521   221.475    -3.44    4.45
 -82313.279   221.136    -0.90    4.19
 -81937.047   220.315    -2.18    4.45
 -81560.827   219.747    -1.51    5.16
 -81184.619   221.719     5.24    5.25
 -80808.421   223.497     4.73    5.11
 -80432.234   225.573     5.52    6.12
 -80056.058   227.022     3.85    6.58
 -79679.894   228.777     4.66    8.69
 -79303.740   231.272     6.63   10.14
 -78927.598   233.947     7.11   11.71
 -78551.467   236.172     5.92   11.70
 -78175.347   237.897     4.59    9.16
 -77799.238   237.732    -0.44    7.91
 -77423.140   240.012     6.06    6.28
 -77047.053   241.059     2.78    5.42
 -76670.977   241.322     0.70    5.94
 -76294.912   238.378    -7.83    7.61
 -75918.858   234.751    -9.64    7.53
 -75542.816   235.526     2.06    7.40
 -75166.784   236.982     3.87    7.85
 -74790.763   240.329     8.90    8.69
 -74414.754   243.247     7.76    7.25
 -74038.755   243.397     0.40    7.16
 -73662.768   242.946    -1.20    7.32
 -73286.792   241.834    -2.96    7.04
 -72910.826   239.697    -5.68    8.50
 -72534.872   237.134    -6.82    8.39
 -72158.929   236.012    -2.98    6.92
 -71782.997   236.812     2.13    6.48
 -71407.075   237.033     0.59    5.46
 -71031.165   235.183    -4.92    5.52
 -70655.266   234.012    -3.11    5.85
 -70279.378   231.109    -7.72    5.42
 -69903.501   228.097    -8.01    5.85
 -69527.635   228.136     0.10    5.44
 -69151.780   225.947    -5.82    5.74
 -68775.936   224.547    -3.73    6.08
 -68400.103   224.822     0.73    6.20
 -68024.281   223.982    -2.24    6.72
 -67648.470   224.847     2.30    6.83
 -67272.670   224.768    -0.21    7.30
 -66896.881   224.059    -1.89    7.32
 -66521.103   224.817     2.02    6.21
 -66145.336   224.597    -0.58    5.72
 -65769.580   224.047    -1.46    5.00
 -65393.835   222.231    -4.83    5.41
 -65018.101   220.187    -5.44    6.08
 -64642.378   218.335    -4.93    6.00
 -64266.666   216.545    -4.77    6.45
 -63890.964   213.907    -7.02    7.73
 -63515.274   211.672    -5.95    7.93
 -63139.595   208.822    -7.59    7.50
 -62763.927   206.500    -6.18    6.89
 -62388.270   204.033    -6.57    7.22
 -62012.623   200.931    -8.26    7.29
 -61636.988   197.033   -10.38    6.96
 -61261.364   192.207   -12.85    7.36
 -60885.750   185.972   -16.60    7.25
 -60510.148   182.341    -9.67    6.41
 -60134.557   180.072    -6.04    6.18
 -59758.976   177.755    -6.17    5.79
 -59383.406   174.695    -8.15    7.03
 -59007.848   169.097   -14.91    7.40
 -58632.300   164.572   -12.05    7.82
 -58256.763   159.422   -13.71    6.96
 -57881.237   154.802   -12.30    6.78
 -57505.722   150.007   -12.77    6.66
 -57130.218   144.649   -14.27    6.29
 -56754.725   139.939   -12.54    5.56
 -56379.243   135.792   -11.04    5.40
 -56003.772   132.022   -10.04    5.80
 -55628.312   127.622   -11.72    5.33
 -55252.862   123.702   -10.44    5.59
 -54877.424   120.407    -8.78    5.80
 -54501.996   117.622    -7.42    5.10
 -54126.579   115.897    -4.59    4.39
 -53751.174   115.672    -0.60    5.01
 -53375.779   118.238     6.84    5.76
 -53000.395   122.155    10.44    6.29
 -52625.022   125.341     8.49    6.36
 -52249.660   128.772     9.14    6.40
 -51874.308   132.647    10.32    6.72
 -51498.968   135.982     8.88    8.85
 -51123.638   137.788     4.81    9.32
 -50748.320   138.624     2.23    9.68
 -50373.012   140.872     5.99    9.49
 -49997.715   142.772     5.06    8.87
 -49622.429   146.670    10.39    7.72
 -49247.154   148.797     5.67    6.06
 -48871.889   147.246    -4.13    5.22
 -48496.636   143.110   -11.02    6.74
 -48121.393   138.197   -13.09    6.84
 -47746.162   135.572    -7.00    6.92
 -47370.941   131.475   -10.92    6.85
 -46995.731   128.272    -8.54    8.51
 -46620.532   125.777    -6.65    8.44
 -46245.343   123.840    -5.16    9.43
 -45870.166   120.122    -9.91    8.78
 -45494.999   117.697    -6.46    9.61
 -45119.844   113.847   -10.26    9.75
 -44744.699   108.572   -14.06   10.13
 -44369.565   103.700   -12.99    9.53
 -43994.441    97.264   -17.16   11.49
 -43619.329    90.725   -17.43   10.03
 -43244.227    86.646   -10.88   10.51
 -42869.136    80.147   -17.33   10.71
 -42494.056    72.147   -21.33   13.87
 -42118.987    64.132   -21.37   13.74
 -41743.929    57.966   -16.44    9.46
 -41368.881    56.322    -4.38    8.36
 -40993.845    58.297     5.27    9.50
 -40618.819    59.622     3.53   12.16
 -40243.804    64.085    11.90   13.67
 -39868.799    66.802     7.25   13.57
 -39493.806    70.872    10.85   11.10
 -39118.823    74.047     8.47    5.80
 -38743.851    74.695     1.73    4.67
 -38368.890    75.366     1.79    4.97
 -37993.940    78.447     8.22    5.70
 -37619.000    81.722     8.73    5.70
 -37244.072    87.649    15.81    7.63
 -36869.154    91.597    10.53    8.47
 -36494.246    95.347    10.00    7.49
 -36119.350    99.397    10.80    7.21
 -35744.464   102.426     8.08    7.63
 -35369.589   106.305    10.35    8.23
 -34994.725   111.670    14.31    8.32
 -34619.872   116.281    12.30    7.13
 -34245.029   120.931    12.40    7.35
 -33870.197   125.622    12.52    7.83
 -33495.376   131.472    15.61    7.68
 -33120.566   136.573    13.61    8.17
 -32745.766   141.136    12.17    7.20
 -32370.978   146.359    13.94    7.73
 -31996.200   151.007    12.40    7.08
 -31621.432   154.322     8.84    7.18
 -31246.676   158.572    11.34    6.74
 -30869.780   161.931     8.91    6.35
 -30492.882   161.939     0.02    7.24
 -30115.995   158.273    -9.73    9.76
 -29739.119   152.897   -14.26   10.92
 -29362.254   144.272   -22.89    9.86
 -28985.399   138.172   -16.19    9.47
 -28608.556   136.347    -4.84    8.94
 -28231.723   136.992     1.71   11.94
 -27854.901   138.161     3.10   10.67
 -27478.090   139.247     2.88    8.24
 -27101.290   136.110    -8.33    9.65
 -26724.501   131.475   -12.30    8.97
 -26347.723   126.341   -13.63    8.38
 -25970.955   122.897    -9.14    7.97
 -25594.198   119.879    -8.01    7.99
 -25217.452   116.061   -10.14    9.17
 -24840.717   111.329   -12.56    9.88
 -24463.993   108.305    -8.03    9.55
 -24087.279   108.841     1.42    9.58
 -23710.577   107.392    -3.85    9.45
 -23333.885   106.073    -3.50    8.50
 -22957.204   103.451    -6.96    7.90
 -22580.534    99.072   -11.62    6.77
 -22203.874    94.939   -10.97    7.37
 -21827.226    91.308    -9.64    7.50
 -21450.588    88.669    -7.01    8.08
 -21073.961    84.247   -11.74    9.89
 -20697.345    81.012    -8.59   10.71
 -20320.739    77.454    -9.45   11.27
 -19944.144    74.495    -7.86   10.71
 -19567.561    70.061   -11.77    9.09
 -19190.988    66.110   -10.49    8.39
 -18814.425    60.719   -14.32    8.07
 -18437.874    55.672   -13.40    8.83
 -18061.333    51.341   -11.50    7.52
 -17684.803    49.822    -4.03    7.92
 -17308.284    48.187    -4.34    8.57
 -16931.775    44.256   -10.44   10.06
 -16555.278    40.322   -10.45   10.20
 -16178.791    37.347    -7.90    9.26
 -15802.315    38.122     2.06   12.74
 -15425.849    41.622     9.30   15.18
 -15049.395    46.497    12.95   12.49
 -14672.951    49.059     6.80   11.48
 -14296.518    47.822    -3.28   13.75
 -13920.095    49.329     4.00   14.69
 -13543.684    45.997    -8.85   16.24
 -13167.283    38.768   -19.21   16.34
 -12790.893    31.238   -20.01   15.23
 -12414.513    21.697   -25.35   12.16
 -12038.144    15.841   -15.56    8.72
 -11661.786    15.187    -1.74   10.09
 -11285.439    13.097    -5.55   12.82
 -10909.103    11.187    -5.08   13.59
 -10532.777     9.329    -4.94   13.70
 -10156.462     3.905   -14.41    7.87
  -9780.157     3.122    -2.08    6.87
  -9403.864     3.550     1.14    9.47
  -9027.581     4.913     3.62   11.81
  -8651.309     6.231     3.50   13.81
  -8275.047     5.947    -0.76   13.43
  -7898.796     7.353     3.74   14.36
  -7522.556     8.788     3.81   14.65
  -7146.327     6.982    -4.80   12.05
  -6770.108     6.475    -1.35   11.08
  -6393.900     5.647    -2.20    9.30
  -6017.703     4.987    -1.75    8.71
  -5641.516     4.472    -1.37    7.98
  -5265.340     2.905    -4.17    6.18
  -4889.175     1.672    -3.28    4.94
  -4513.020     1.047    -1.66    4.26
  -4136.876    -0.353    -3.72    0.32
  -3760.743     0.187     1.43    2.63
  -3384.620     1.347     3.08    4.48
  -3008.508     3.987     7.02    6.45
  -2632.407     7.045     8.13    7.11
  -2256.316    10.147     8.25    6.18
  -1880.236    11.315     3.11    4.93
  -1504.167    10.822    -1.31    4.72
  -1128.108     9.158    -4.42    5.66
   -752.060     7.187    -5.24    5.57
   -376.023     3.645    -9.42    5.65
      0.004     3.443    -0.54    6.70
    376.020     7.744    11.44   11.76
    752.025    12.674    13.11   11.82
   1128.020    15.197     6.71    9.45
   1504.004    17.454     6.00    6.15
   1879.978    16.124    -3.54    5.42
   2255.940    20.768    12.35   14.81
   2631.893    43.947    61.65   42.67
   3007.834    71.378    72.96   61.63
   3383.765   117.621   123.01   80.28
   3759.686   158.597   109.00   71.66
   4135.596   193.158    91.94   58.04
   4511.495   229.547    96.81   58.91
   4887.383   244.670    40.23   56.18
   5263.261   257.572    34.32   43.81
   5639.129   248.649   -23.74   47.03
   6014.985   215.322   -88.67   46.35
   6390.831   188.347   -71.77   46.82
   6766.667   162.772   -68.05   39.51
   7142.492   131.802   -82.40   37.31
   7518.306   106.747   -66.67   32.69
   7894.110    88.451   -48.69   25.49
   8269.903    76.366   -32.16   16.03
   8645.686    77.500     3.02   19.47
   9021.458    86.751    24.62   30.57
   9397.219   108.072    56.74   40.16
   9772.970   135.329    72.54   46.80
  10148.710   155.341    53.26   53.18
  10524.440   187.859    86.55   56.89
  10900.159   197.124    24.66   56.25
  11275.868   176.788   -54.13   62.60
  11651.566   159.495   -46.03   58.22
  12027.253   140.947   -49.37   44.36
  12402.930   151.365    27.73   43.77
  12778.597   176.007    65.60   37.32
  13154.253   200.548    65.33   45.23
  13529.898   221.007    54.46   44.63
  13905.533   227.646    17.67   44.71
  14281.157   227.072    -1.53   48.80
  14656.770   220.847   -16.57   53.23
  15032.373   214.172   -17.77   55.04
  15407.966   203.161   -29.32   62.01
  15783.548   166.297   -98.15   72.18
  16159.119   139.084   -72.46   60.05
  16534.680   137.700    -3.69   62.19
  16910.231   152.879    40.42   74.35
  17285.771   173.290    54.35   70.13
  17661.300   172.097    -3.17   61.38
  18036.819   166.147   -15.84   46.75
  18412.327   176.847    28.49   45.97
  18787.825   217.841   109.17   69.56
  19163.313   257.085   104.51   68.22
  19538.790   307.792   135.05   50.66
  19914.256   335.187    72.96   39.35
  20289.712   349.169    37.24   37.41
  20665.157   350.914     4.65   35.42
  21040.592   344.247   -17.76   46.73
  21416.016   303.890  -107.50   74.83
  21791.430   259.176  -119.10   74.27
  22166.833   222.931   -96.55   60.57
  22542.226   188.772   -90.99   28.16
  22917.609   176.847   -31.77   21.65
  23292.981   168.522   -22.18   26.81
  23668.342   164.264   -11.34   27.95
  24043.693   165.866     4.27   26.61
  24419.034   165.458    -1.08   22.89
  24794.364   164.722    -1.96   25.37
  25169.683   154.472   -27.31   30.81
  25544.992   132.238   -59.24   22.85
  25920.291   115.547   -44.47   18.36
  26295.579   102.572   -34.57   17.54
  26670.857    93.828   -23.30   14.08
  27046.124    84.213   -25.62   12.08
  27421.381    76.497   -20.56   10.94
  27796.627    69.939   -17.48   10.37
  28171.863    62.972   -18.57    8.14
  28547.089    58.147   -12.86    7.78
  28922.304    55.308    -7.57    7.14
  29297.509    53.026    -6.08    7.17
  29672.703    50.573    -6.54    6.43
  30047.887    49.290    -3.42    5.03
  30423.060    47.672    -4.31    4.04
  30798.223    46.956    -1.91    4.30
  31173.375    45.883    -2.86    5.10
  31548.517    47.084     3.20    6.58
  31923.649    49.822     7.30    8.58
  32298.770    55.872    16.13    9.60
  32673.881    62.802    18.47    8.90
  33048.981    67.550    12.66    8.52
  33424.071    72.492    13.18    8.39
  33799.151    77.297    12.81    9.45
  34174.220    81.947    12.40    8.74
  34549.279    82.670     1.93    9.08
  34924.327    78.697   -10.59   12.72
  35299.365    76.334    -6.30   12.69
  35674.393    75.308    -2.74   12.24
  36049.410    77.768     6.56   15.06
  36424.417    82.047    11.41   13.82
  36799.413    86.280    11.29   13.81
  37174.399    90.697    11.78   15.05
  37549.375    95.072    11.67   13.56
  37924.340    97.650     6.87   11.52
  38299.295   100.383     7.29   11.69
  38674.240   101.725     3.58   11.59
  39049.174   104.222     6.66   11.47
  39424.098   109.297    13.54   12.56
  39799.011   117.725    22.48   12.32
  40173.914   127.978    27.35   12.00
  40548.807   136.443    22.58   11.79
  40923.689   141.072    12.35    9.95
  41298.562   144.546     9.27    8.25
  41673.423   146.322     4.74    6.22
  42048.275   144.002    -6.19    9.49
  42423.116   140.360    -9.71   13.90
  42797.946   138.247    -5.64   12.89
  43172.767   139.822     4.20   14.84
  43547.576   143.426     9.62   11.90
  43922.811   145.047     4.32    7.95
  44299.682   142.264    -7.39    9.02
  44676.543   137.802   -11.84    9.07
  45053.393   131.650   -16.33   11.32
  45430.232   125.597   -16.06   12.97
  45807.061   119.197   -16.98   12.50
  46183.880   115.797    -9.02   11.40
  46560.688   111.290   -11.96    9.74
  46937.486   108.403    -7.66   11.19
  47314.273   104.697    -9.83   13.65
  47691.050    98.672   -15.99   14.97
  48067.817    93.647   -13.34   15.64
  48444.573    86.422   -19.18   16.69
  48821.319    79.229   -19.09   11.07
  49198.054    78.597    -1.68   13.87
  49574.779    77.879    -1.91   14.77
  49951.493    77.472    -1.08   14.41
  50328.197    75.772    -4.51   11.10
  50704.891    75.238    -1.42   11.15
  51081.574    76.893     4.39   12.16
  51458.247    79.623     7.25   11.10
  51834.909    82.022     6.37   10.39
  52211.561    78.272    -9.96   11.66
  52588.203    72.674   -14.86   14.54
  52964.834    61.692   -29.16   14.57
  53341.455    53.255   -22.40   14.23
  53718.065    48.272   -13.23   12.67
  54094.665    41.572   -17.79   13.40
  54471.255    37.085   -11.91   13.47
  54847.834    34.622    -6.54   12.07
  55224.403    38.264     9.67   16.36
  55600.961    46.939    23.04   21.14
  55977.510    59.372    33.02   19.92
  56354.047    67.147    20.65   15.93
  56730.575    73.797    17.66   11.04
  57107.092    76.322     6.71    8.11
  57483.599    76.213    -0.29    7.04
  57860.095    71.650   -12.12    9.85
  58236.581    62.497   -24.31   14.73
  58613.057    54.280   -21.83   15.15
  58989.522    44.647   -25.59   14.50
  59365.977    34.097   -28.02   12.85
  59742.421    31.650    -6.50   12.37
  60118.856    34.073     6.44   14.17
  60495.280    34.353     0.74   15.87
  60871.693    32.623    -4.60   18.29
  61248.096    26.122   -17.27   18.82
  61624.489    18.597   -19.99   14.01
  62000.872    14.216   -11.64   11.65
  62377.244    10.147   -10.81    6.46
  62753.606     8.161    -5.28    4.49
  63129.958     7.061    -2.92    3.07
  63506.299     6.623    -1.16    3.09
  63882.630     5.963    -1.75    2.75
  64258.951     5.755    -0.55    3.28
  64635.261     5.646    -0.29    3.34
  65011.561     6.597     2.53    4.22
  65387.851     8.472     4.98    6.28
  65764.130     9.947     3.92    6.70
  66140.399    12.992     8.09    7.29
  66516.658    15.322     6.19    5.81
  66892.907    17.772     6.51    5.19
  67269.145    21.597    10.17    6.74
  67645.373    24.956     8.93    9.46
  68021.591    31.992    18.70   12.87
  68397.798    36.747    12.64   12.11
  68773.995    41.982    13.91   13.44
  69150.182    44.897     7.75   11.78
  69526.359    47.012     5.62    8.80
  69902.525    46.872    -0.37    9.64
  70278.681    42.768   -10.91    9.78
  70654.827    40.136    -7.00    8.48
  71030.962    42.426     6.09    9.85
  71407.087    47.597    13.75   10.41
  71783.202    52.828    13.91   10.41
  72159.307    60.740    21.04   11.84
  72535.402    65.281    12.07    9.85
  72911.486    65.597     0.84    9.15
  73287.560    61.033   -12.14   11.80
  73663.623    55.134   -15.69   13.74
  74039.677    47.890   -19.26   13.64
  74415.720    42.341   -14.76   12.20
  74791.753    47.866    14.69   27.45
  75167.776    57.392    25.33   39.23
  75543.788    74.939    46.66   54.57
  75919.791    98.372    62.32   56.48
  76295.783   112.397    37.30   44.82
  76671.764   107.872   -12.03   47.90
  77047.736    76.623   -83.11   44.53
  77423.697    48.007   -76.11   32.23
  77799.649    26.879   -56.20   11.17
  78175.589    21.674   -13.84    7.96
  78551.520    19.222    -6.52    5.69
  78927.441    18.597    -1.66    5.28
  79303.351    20.672     5.52    6.55
  79679.251    31.497    28.80   22.16
  80055.141    41.072    25.47   26.22
  80431.021    50.670    25.53   25.11
  80806.890    60.802    26.95   21.88
  81182.750    73.085    32.68   25.11
  81558.599    78.597    14.67   23.04
  81934.438    80.305     4.54   21.67
  82310.266    77.772    -6.74   22.98
  82686.085    68.172   -25.54   15.68
  83061.893    62.788   -14.33    9.17
  83437.692    63.097     0.82    7.80
  83813.480    64.697     4.26    8.54
  84189.257    69.033    11.54    9.34
  84565.025    71.378     6.24    8.87
  84940.783    75.451    10.84    8.42
  85316.530    80.751    14.10   10.28
  85692.267    82.987     5.95    9.99
  86067.994    83.475     1.30    8.13
  86443.711    82.256    -3.25    8.46
  86819.418    79.828    -6.46    7.86
  87195.114    81.392     4.16    6.35
  87570.801    83.972     6.87    6.90
  87946.477    86.854     7.67    6.34
  88322.143    87.547     1.85    5.80
  88697.799    86.931    -1.64    6.16
  89073.445    85.187    -4.64    6.53
  89449.081    80.451   -12.61    8.06
  89824.706    76.516   -10.47    7.49
  90200.322    76.305    -0.56    7.80
  90575.927    76.187    -0.31    8.80
  90951.522    77.172     2.62    7.66
  91327.107    78.047     2.33    6.99
  91702.682    75.905    -5.70    7.65
  92078.247    76.312     1.08    7.97
  92453.801    75.334    -2.60    8.78
  92829.346    72.890    -6.51    8.68
  93204.880    72.700    -0.51    8.85
  93580.405    70.939    -4.69   10.65
  93955.919    65.788   -13.72   12.94
  94331.423    64.341    -3.85   12.83
  94706.917    66.670     6.20   20.01
  95082.401    80.197    36.02   32.74
  95457.875    95.134    39.78   38.97
  95833.339   114.772    52.30   37.75
  96208.792   129.469    39.14   33.90
  96584.236   150.897    57.07   38.16
  96959.670   160.150    24.64   31.66
  97335.093   161.172     2.72   28.40
  97710.506   152.674   -22.64   30.06
  98085.910   130.747   -58.41   24.33
  98461.303   117.768   -34.57   19.74
  98836.686   113.759   -10.68   14.98
  99212.059   114.697     2.50   13.95
  99587.422   120.264    14.83   11.93
  99962.775   121.147     2.35   10.13
 100338.118   115.134   -16.02   12.53
 100713.450   107.751   -19.67   13.71
 101088.773    99.216   -22.74   13.26
 101464.086    94.045   -13.78   10.17
 101839.388    99.939    15.70   19.77
 102214.681   112.059    32.29   33.20
 102589.963   109.792    -6.04   34.62
 102965.236   103.216   -17.52   36.26
 103340.498    91.982   -29.94   27.32
 103715.751    94.597     6.97   30.59
 104090.993   109.255    39.06   29.69
 104466.225   122.475    35.23   31.51
 104841.448   131.197    23.24   36.23
 105216.660   132.418     3.25   33.04
 105591.862   123.472   -23.84   31.92
 105967.054   109.854   -36.30   32.88
 106342.237    93.059   -44.76   36.46
 106717.409    73.897   -51.07   32.20
 107092.571    58.546   -40.92   21.61
 107467.723    59.085     1.44   23.21
 107842.865    71.033    31.85   30.22
 108217.997    88.522    46.62   35.51
 108593.120   105.290    44.70   32.63
 108968.232   119.922    39.01   25.15
 109343.334   129.914    26.64   24.77
 109718.426   130.931     2.71   26.20
 110093.508   138.597    20.44   25.65
 110468.580   144.255    15.08   27.50
 110843.642   156.454    32.52   26.44
 111218.694   175.033    49.53   22.95
 111593.737   175.122     0.24   21.13
 111968.769   175.947     2.20   23.15
 112343.791   165.597   -27.60   20.96
 112718.803   152.426   -35.12   19.04
 113093.806   147.413   -13.37   18.75
 113468.798   142.280   -13.69   17.86
 113843.780   134.213   -21.51   21.15
 114218.753   127.447   -18.04   23.99
 114593.715   116.297   -29.73   23.82
 114968.667   112.729    -9.52   26.08
 115343.610   117.802    13.53   23.40
 115718.542   123.777    15.93   24.55
 116093.465   137.213    35.83   40.91
 116468.377   171.963    92.68   61.09
 116843.280   216.422   118.58   77.77
 117218.173   271.747   147.56   75.05
 117593.056   319.802   128.18   46.40
 117967.928   356.768    98.60   31.81
 118342.791   361.866    13.60   25.64
 118717.644   357.290   -12.21   27.04
 119093.345   349.647   -20.34   31.17
 119470.176   328.281   -56.69   30.32
 119846.996   311.716   -43.96   35.61
 120223.806   302.572   -24.27   34.85
 120600.607   292.997   -25.41   36.11
 120977.397   295.548     6.77   42.69
 121354.177   305.597    26.67   56.25
 121730.947   321.475    42.14   63.97
 122107.707   333.059    30.74   58.46
 122484.458   339.768    17.81   62.45
 122861.198   343.497     9.90   71.44
 123237.928   354.341    28.78   86.76
 123614.648   362.972    22.91   95.59
 123991.358   361.161    -4.81  100.82
 124368.058   372.109    29.06  104.04
 124744.748   363.033   -24.09   92.62
 125121.428   364.623     4.22   67.14
 125498.098   357.931   -17.77   54.44
 125874.758   342.202   -41.75   48.61
 126251.408   338.122   -10.83   43.48
 126628.048   328.187   -26.38   44.29
 127004.679   313.674   -38.53   45.20
 127381.299   288.012   -68.13   53.46
 127757.909   252.653   -93.88   37.84
 128134.509   230.866   -57.85   37.56
 128511.099   208.187   -60.22   37.47
 128887.679   193.172   -39.87   24.77
 129264.249   184.572   -22.84   22.60
 129640.810   178.905   -15.05   32.40
 130017.360   160.335   -49.31   45.67
 130393.900   136.264   -63.92   44.47
 130770.430   126.247   -26.60   37.11
 131146.951   117.700   -22.70   35.87
 131523.461   125.972    21.97   42.24
 131899.961   148.645    60.21   49.30
 132276.452   173.624    66.34   49.18
 132652.932   195.647    58.49   60.10
 133029.403   229.341    89.49   60.23
 133405.864   259.573    80.30   60.28
 133782.314   279.122    51.93   42.29
 134158.755   284.516    14.33   41.46
 134535.186   273.649   -28.87   45.84
 134911.607   261.022   -33.54   49.90
 135288.018   245.072   -42.37   55.15
 135664.419   211.522   -89.13   67.11
 136040.810   181.272   -80.36   66.93
 136417.191   153.136   -74.75   52.02
 136793.562   162.030    23.63   52.90
 137169.923   194.472    86.19   62.44
 137546.274   218.012    62.54   53.69
 137922.616   230.147    32.24   53.82
 138298.947   255.997    68.68   55.80
 138675.269   284.229    75.01   65.92
 139051.581   306.764    59.88   76.55
 139427.883   339.451    86.86   84.50
 139804.174   374.033    91.89   91.73
 140180.456   419.722   121.41   89.78
 140556.729   467.238   126.27   88.12
 140932.991   481.002    36.58   81.53
 141309.243   466.597   -38.28   86.01
 141685.485   483.222    44.18   91.79
 142061.718   510.947    73.68   97.59
 142437.941   528.366    46.30   88.05
 142814.153   566.866   102.32   78.42
 143190.356   596.308    78.25   78.78
 143566.549   641.392   119.83   89.70
 143942.732   705.347   170.00   66.17
 144318.905   729.022    62.93   55.98
 144695.069   720.722   -22.06   62.75
 145071.222   689.097   -84.07   86.05
 145447.366   631.700  -152.58  108.26
 145823.500   576.418  -146.96   95.37
 146199.624   544.725   -84.25   90.34
 146575.738   486.136  -155.76  108.34
 146951.842   443.229  -114.07   94.63
 147327.936   411.272   -84.96   64.86
 147704.021   411.854     1.55   67.45
 148080.095   440.247    75.49   80.00
 148456.160   485.426   120.13  105.22
 148832.215   536.572   135.99   89.47
 149208.260   547.841    29.97   85.34
 149584.296   542.572   -14.01   91.02
 149960.321   531.597   -29.18   75.18
 150336.337   532.372     2.06   69.70
 150712.342   568.007    94.76   82.55
 151088.338   634.866   177.80  105.83
 151464.324   671.439    97.27  108.20
 151840.301   700.841    78.19  102.14
 152216.267   734.828    90.39   93.97
 152592.224   753.134    48.69   83.30
 152968.171   802.772   132.02   95.97
 153344.108   877.341   198.34  116.91
 153720.035   953.012   201.27   98.47
 154095.952   998.751   121.66   67.57
 154471.860   995.134    -9.62   67.42
 154847.758   964.546   -81.37   79.85
 155223.646   912.828  -137.58  103.87
 155599.524   852.772  -159.76  104.66
 155975.393   797.702  -146.50  117.05
 156351.251   715.697  -218.16  128.23
 156727.100   645.546  -186.63  115.04
 157102.939   601.931  -116.04   85.58
 157478.768   576.280   -68.24   74.03
 157854.588   571.273   -13.32   81.34
 158230.398   595.353    64.07   88.00
 158606.198   600.546    13.82   82.07
 158981.988   593.547   -18.62   72.10
 159357.768   558.997   -91.93   80.33
 159733.539   506.418  -139.91   87.02
 160109.300   444.097  -165.84   80.53
 160485.051   407.176   -98.25   61.41
 160860.792   404.647    -6.73   59.13
 161236.524   412.136    19.93   74.49
 161612.245   423.207    29.46   71.69
 161987.957   423.719     1.36   67.67
 162363.660   430.334    17.60   65.93
 162739.352   437.297    18.53   66.95
 163115.035   437.546     0.66   63.52
 163490.708   429.866   -20.44   67.18
 163866.372   407.522   -59.47   60.94
 164242.025   405.495    -5.40   65.57
 164617.669   408.956     9.21   70.76
 164993.303   423.413    38.48   74.29
 165368.928   476.172   140.44  101.44
 165744.542   528.674   139.76  115.19
 166120.147   587.315   156.11  104.47
 166495.742   644.922   153.36   90.64
 166871.328   692.208   125.89   78.66
 167246.904   736.997   119.24   85.76
 167622.470   792.854   148.71   89.10
 167998.026   855.672   167.25   88.91
 168373.573   904.956   131.22   67.55
 168749.110   918.956    37.28   59.98
 169124.637   885.764   -88.38   80.17
 169500.154   846.187  -105.38   67.03
 169875.662   833.572   -33.59   76.52
 170251.160   843.854    27.38  100.00
 170626.649   839.597   -11.33   96.54
 171002.127   830.987   -22.93   79.49
 171377.596   827.466    -9.38   69.20
 171753.056   840.622    35.04   81.37
 172128.505   891.777   136.23   83.10
 172503.945   927.085    94.04   70.94
 172879.376   940.172    34.86   66.23
 173254.796   914.597   -68.12   97.16
 173630.207   842.931  -190.88  138.98
 174005.609   752.213  -241.63  116.69
 174381.000   731.597   -54.91  105.93
 174756.382   723.947   -20.38  106.90
 175131.754   718.546   -14.39  111.80
 175507.117   722.469    10.45  101.16
 175882.470   724.514     5.45   84.50
 176257.813   790.072   174.64  108.99
 176633.147   881.847   244.49  117.54
 177008.471   933.136   136.64   90.20
 177383.785   922.897   -27.28   87.02
 177759.090   885.931   -98.49  108.16
 178134.385   834.788  -136.26   95.54
 178509.670   795.520  -104.62   78.69
 178884.946   771.347   -64.41   80.70
 179260.212   754.828   -44.02   69.05
 179635.469   717.997   -98.14   71.82
 180010.716   699.240   -49.98   64.97
 180385.953   688.966   -27.38   61.29
 180761.180   653.922   -93.38   88.30
 181136.398   597.797  -149.56  125.02
 181511.607   501.402  -256.88  149.87
 181886.805   416.722  -225.67   98.68
 182261.995   389.281   -73.13   81.53
 182637.174   416.315    72.05   98.50
 183012.344   465.649   131.48  104.78
 183387.504   507.197   110.74  100.81
 183762.655   559.297   138.86  107.59
 184137.796   609.597   134.07  103.72
 184512.927   622.366    34.04   92.91
 184888.049   601.514   -55.58  106.29
 185263.162   567.072   -91.81  106.17
 185638.264   537.751   -78.16   82.50
 186013.357   580.956   115.17  101.92
 186388.441   638.397   153.12  106.99
 186763.515   680.161   111.34   88.17
 187138.579   689.931    26.04   93.48
 187513.634   678.110   -31.51   92.83
 187888.679   676.397    -4.57   88.29
 188263.714   697.828    57.14   75.18
 188638.740   706.422    22.91   74.97
 189013.757   699.026   -19.72   87.76
 189388.764   658.466  -108.15   95.47
 189763.761   630.272   -75.17   81.02
 190138.749   596.697   -89.53   79.63
 190513.727   546.817  -133.01  101.13
 190888.695   477.272  -185.45   94.15
 191263.654   435.439  -111.55   79.44
 191638.604   395.124  -107.51   69.95
 192013.544   397.489     6.31   82.42
 192388.474   412.572    40.22   85.34
 192763.395   412.372    -0.53   86.96
 193138.306   401.247   -29.67   77.13
 193513.208   388.777   -33.26   58.34
 193888.100   395.813    18.77   63.40
 194264.243   446.109   133.70   89.63
 194641.040   506.161   159.36   99.31
 195017.828   586.172   212.33  109.93
 195394.606   662.047   201.35   91.66
 195771.374   684.546    59.71   70.89
 196148.133   667.231   -45.95   87.26
 196524.882   635.341   -84.64   94.40
 196901.621   618.522   -44.64   79.46
 197278.351   616.290    -5.93   61.85
 197655.071   631.520    40.43   59.02
 198031.782   651.002    51.71   69.46
 198408.483   661.650    28.26   82.49
 198785.174   670.622    23.82   87.17
 199161.856   673.622     7.96   86.32
 199538.528   666.172   -19.78   77.86
 199915.191   660.622   -14.73   62.04
 200291.844   671.931    30.02   60.96
 200668.487   685.597    36.28   64.33
 201045.121   691.939    16.84   70.25
 201421.745   683.469   -22.49   79.71
 201798.360   671.879   -30.77   88.10
 202174.965   651.360   -54.48   86.65
 202551.560   648.469    -7.68   90.56
 202928.146   651.176     7.19   90.96
 203304.722   674.036    60.70   88.59
 203681.289   689.012    39.76   75.82
 204057.846   695.751    17.89   62.02
 204434.393   679.817   -42.31   63.96
 204810.931   665.033   -39.26   62.00
 205187.460   645.716   -51.30   63.69
 205563.978   635.475   -27.20   65.21
 205940.488   644.187    23.14   64.36
 206316.987   641.835    -6.25   54.29
 206693.477   632.624   -24.46   58.12
 207069.958   597.497   -93.29   81.15
 207446.429   534.443  -167.47   94.67
 207822.891   492.768  -110.69  109.61
 208199.342   422.722  -186.04  108.25
 208575.785   355.213  -179.31   93.12
 208952.218   313.547  -110.67   89.84
 209328.641   285.187   -75.33   91.42
 209705.055   252.402   -87.09   85.32
 210081.459   225.772   -70.74   73.96
 210457.854   188.982   -97.73   58.38
 210834.239   185.700    -8.72   50.02
 211210.614   208.545    60.69   62.91
 211586.980   227.497    50.35   65.21
 211963.337   238.623    29.56   57.84
 212339.684   208.315   -80.52   66.88
 212716.021   169.290  -103.69   59.21
 213092.349   152.986   -43.32   49.49
 213468.668   165.797    34.04   49.43
 213844.977   186.097    53.94   41.69
 214221.276   188.290     5.83   49.24
 214597.566   195.947    20.35   52.83
 214973.847   198.110     5.75   56.28
 215350.118   201.978    10.28   64.80
 215726.379   218.546    44.03   62.65
 216102.631   223.522    13.22   63.38
 216478.874   217.022   -17.27   76.34
 216855.107   205.392   -30.91   81.00
 217231.330   187.026   -48.81   90.73
 217607.544   160.213   -71.26   87.26
 217983.749   136.447   -63.16   65.29
 218359.944   118.392   -47.99   55.43
 218736.129   103.922   -38.46   45.48
 219112.305   112.672    23.26   48.93
 219488.472   130.069    46.24   48.10
 219864.629   132.176     5.60   41.03
 220240.777   139.649    19.86   39.76
 220616.915   150.872    29.84   51.10
 220993.044   159.822    23.79   53.35
 221369.163   171.597    31.30   46.24
 221745.273   176.341    12.61   38.11
 222121.373   177.729     3.69   42.00
 222497.464   186.322    22.85   41.04
 222873.546   192.890    17.46   40.74
 223249.618   207.264    38.22   43.05
 223625.680   217.697    27.74   42.40
 224001.733   226.281    22.82   43.69
 224377.777   242.963    44.35   44.08
 224753.811   249.695    17.90   43.82
 225129.836   266.992    45.99   38.85
 225505.851   286.097    50.80   41.47
 225881.857   296.834    28.55   37.74
 226257.854   295.931    -2.40   36.22
 226633.841   284.469   -30.48   42.77
 227009.819   265.922   -49.32   46.62
 227385.787   241.297   -65.49   39.38
 227761.746   230.802   -27.91   47.02
 228137.695   219.207   -30.84   52.19
 228513.635   207.138   -32.10   53.11
 228889.566   194.890   -32.58   47.63
 229265.487   187.341   -20.08   49.12
 229641.399   176.674   -28.37   46.67
 230017.301   160.847   -42.10   43.69
 230393.194   145.905   -39.75   37.09
 230769.078   139.822   -16.18   34.05
 231144.952   141.084     3.36   33.96
 231520.816   162.187    56.14   47.97
 231896.672   188.548    70.13   57.59
 232272.518   212.597    63.98   55.31
 232648.354   224.231    30.95   48.25
 233024.182   215.546   -23.11   42.46
 233399.999   197.147   -48.95   42.46
 233775.808   173.847   -61.99   45.12
 234151.607   153.264   -54.76   37.96
 234527.397   137.288   -42.51   37.77
 234903.177   119.860   -46.37   37.69
 235278.948   108.197   -31.03   38.91
 235654.710    92.469   -41.85   30.14
 236030.462    89.402    -8.16   29.96
 236406.205    96.963    20.12   35.66
 236781.938    99.097     5.68   35.65
 237157.662    98.272    -2.20   33.59
 237533.377    90.033   -21.93   34.53
 237909.083    71.158   -50.23   38.12
 238284.779    45.347   -68.69   40.33
 238660.465    26.418   -50.38   35.83
 239036.143    11.597   -39.44   25.77
 239411.811    11.124    -1.26   24.63
 239787.470    12.072     2.53   25.50
 240163.119    15.772     9.85   30.01
 240538.759    17.447     4.46   31.62
 240914.390    18.418     2.58   29.11
 241290.011    14.431   -10.61   25.79
 241665.623     5.847   -22.85   21.50
 242041.226     3.059    -7.42   21.27
 242416.819     2.136    -2.46   23.56
 242792.403    -2.853   -13.28   22.49
 243167.978    -0.223     7.00   23.59
 243543.544    -2.903    -7.13   22.59
 243919.100    -0.018     7.68   22.02
 244294.647     6.197    16.55   24.37
 244670.184     6.597     1.06   25.87
 245045.712     9.495     7.71   28.45
 245421.231     9.407    -0.23   28.41
 245796.741    10.992     4.22   24.55
 246172.241    16.047    13.46   24.05
 246547.732    22.622    17.51   26.14
 246923.214    28.817    16.50   23.20
 247298.686    34.697    15.66   21.66
 247674.150    31.381    -8.83   21.70
 248049.603    24.651   -17.92   20.42
 248425.048    22.860    -4.77   22.15
 248800.483    14.997   -20.94   23.50
 249175.909    10.697   -11.45   25.72
 249551.326     4.722   -15.91   27.15
 249926.734     0.697   -10.72   25.35
 250302.132    -1.140    -4.89   20.83
 250677.521     0.744     5.02   20.01
 251052.900     5.768    13.38   18.95
 251428.271     6.623     2.28   19.61
 251803.632     1.622   -13.32   20.48
 252178.984    -2.685   -11.47   19.17
 252554.326    -8.671   -15.95   17.31
 252929.660   -16.275   -20.25   11.91
 253304.984   -18.203    -5.14    9.14
 253680.299   -14.018    11.15   14.13
 254055.604    -7.505    17.35   17.58
 254430.901     1.695    24.51   18.34
 254806.188     5.847    11.06   16.60
 255181.466    11.084    13.95   13.55
 255556.735    11.197     0.30   13.63
 255931.994    11.469     0.72   16.24
 256307.244     7.372   -10.92   17.58
 256682.485     7.176    -0.52   21.22
 257057.717     7.729     1.47   18.57
 257432.939     8.597     2.31   17.50
 257808.153    17.747    24.38   25.91
 258183.357    25.817    21.50   26.65
 258558.552    35.982    27.09   28.37
 258933.737    47.697    31.22   22.12
 259308.914    45.150    -6.79   17.88
 259684.081    42.792    -6.28   18.81
 260059.239    39.522    -8.72   16.16
 260434.388    42.802     8.74   15.95
 260809.527    46.222     9.11   14.23
 261184.658    48.495     6.06   14.04
 261559.779    44.931    -9.50   16.82
 261934.891    39.729   -13.87   15.48
 262309.994    34.161   -14.84   14.75
 262685.087    31.797    -6.30   11.87
 263060.172    38.033    16.62   15.06
 263435.247    39.197     3.10   14.99
 263810.313    41.069     4.99   15.41
 264185.370    34.290   -18.07   15.48
 264560.418    26.018   -22.05   13.94
 264935.456    22.729    -8.77   12.43
 265310.486    19.059    -9.78   13.29
 265685.506    17.729    -3.55   14.68
 266060.517    13.161   -12.18   16.50
 266435.519     4.124   -24.10   18.54
 266810.511    -2.354   -17.27   14.60
 267185.495    -9.476   -18.99   11.95
 267560.469   -13.376   -10.40   11.13
 267935.434   -17.078    -9.87   10.22
 268310.391   -21.534   -11.88    5.78
 268685.337   -22.183    -1.73    4.53
 269060.275   -20.453     4.61    5.66
 269436.836   -16.745     9.85    9.08
 269813.594   -13.232     9.32    9.78
 270190.344   -10.839     6.35   10.71
 270567.084   -12.647    -4.80   11.27
 270943.815   -11.993     1.74   14.91
 271320.537   -14.061    -5.49   14.97
 271697.250   -11.095     7.87   19.65
 272073.953    -8.326     7.35   21.72
 272450.647   -11.653    -8.83   19.50
 272827.332   -15.480   -10.16   19.51
 273204.008   -21.183   -15.14   13.26
 273580.675   -23.967    -7.39    9.99
 273957.332   -24.166    -0.53    8.56
 274333.980   -23.350     2.17    8.25
 274710.619   -23.008     0.91    6.86
 275087.249   -23.228    -0.58    5.42
 275463.869   -21.839     3.69    5.70
 275840.481   -21.103     1.95    6.79
 276217.083   -20.095     2.68    7.37
 276593.676   -17.292     7.44    9.55
 276970.259   -10.744    17.38   16.84
 277346.834    -2.480    21.94   21.80
 277723.399     7.290    25.94   26.37
 278099.955    17.547    27.24   29.00
 278476.502    27.290    25.87   28.16
 278853.040    40.222    34.34   24.71
 279229.569    49.264    24.01   22.36
 279606.088    54.347    13.50   20.29
 279982.598    57.315     7.88   17.85
 280359.100    61.623    11.44   19.79
 280735.591    65.207     9.52   20.49
 281112.074    62.867    -6.21   21.15
 281488.548    63.879     2.69   20.33
 281865.012    61.572    -6.13   19.20
 282241.468    58.072    -9.30   18.01
 282617.914    57.947    -0.33   19.48
 282994.351    54.042   -10.37   20.11
 283370.778    50.229   -10.13   17.28
 283747.197    43.729   -17.27   18.88
 284123.607    41.649    -5.53   20.40
 284500.007    39.341    -6.13   21.31
 284876.398    40.777     3.81   27.26
 285252.780    40.469    -0.82   24.47
 285629.153    39.674    -2.11   23.21
 286005.517    35.725   -10.49   23.59
 286381.872    35.231    -1.31   24.26
 286758.217    35.572     0.90   24.26
 287134.554    23.329   -32.53   23.09
 287510.881    18.059   -14.00   22.34
 287887.199    13.772   -11.39   21.70
 288263.508    10.418    -8.91   18.02
 288639.808    11.546     3.00   14.94
 289016.099     9.012    -6.73   16.09
 289392.381     6.018    -7.95   16.04
 289768.653    12.372    16.88   18.93
 290144.917    19.887    19.97   17.89
 290521.171    28.768    23.60   15.01
 290897.417    33.597    12.83   13.31
 291273.653    32.413    -3.15   14.10
 291649.880    20.931   -30.51   21.13
 292026.098    12.297   -22.94   18.68
 292402.307     7.161   -13.65   16.26
 292778.507     4.247    -7.74   12.23
 293154.697     6.545     6.11   10.80
 293530.879     9.922     8.98   13.60
 293907.051     9.764    -0.42   14.80
 294283.215     8.122    -4.36   16.67
 294659.369     8.402     0.74   17.57
 295035.515     6.272    -5.66   18.29
 295411.651     8.347     5.52   20.75
 295787.778     8.439     0.24   21.89
 296163.896    -0.474   -23.69   19.32
 296540.005    -5.403   -13.10   14.71
 296916.105    -5.121     0.75   12.35
 297292.196     2.222    19.52   15.17
 297668.278     9.059    18.18   14.13
 298044.351    10.859     4.79   13.05
 298420.415     7.033   -10.17   12.03
 298796.469     3.047   -10.60   10.23
 299172.515     0.520    -6.72   10.41
 299548.552     0.187    -0.89    9.39
 299924.579     0.622     1.16    8.57
 300300.598    -1.764    -6.34    9.76
 300676.607    -4.480    -7.22   10.65
 301052.607    -3.634     2.25   12.08
 301428.599     0.597    11.25   14.60
 301804.581     8.297    20.48   13.98
 302180.555    14.071    15.35    9.89
 302556.519    16.161     5.56   10.00
 302932.474    13.366    -7.43   13.44
 303308.420    11.854    -4.02   13.96
 303684.358    11.695    -0.42   13.89
 304060.286    13.860     5.76   13.63
 304436.205    14.897     2.76   13.11
 304812.115    13.315    -4.21   11.26
 305188.017    16.047     7.27   10.98
 305563.909    21.256    13.85   10.66
 305939.792    25.290    10.73   12.73
 306315.666    25.207    -0.22   10.87
 306691.531    24.913    -0.78   11.00
 307067.387    21.183    -9.92   11.09
 307443.235    16.520   -12.40    8.59
 307819.073    11.841   -12.45    9.43
 308194.902     8.300    -9.42   10.84
 308570.722     6.338    -5.22   10.31
