-225718.053   240.844     0.00   16.84
-225343.199   245.158    11.51   15.06
-224968.355   243.878    -3.41   14.37
-224593.523   242.350    -4.08   12.63
-224218.700   237.600   -12.67   14.52
-223843.889   232.775   -12.88   14.07
-223469.089   228.421   -11.62   16.47
-223092.441   230.795     6.30   16.55
-222715.506   232.575     4.72   15.31
-222338.583   226.100   -17.18   18.19
-221961.670   219.450   -17.65   17.29
-221584.768   213.342   -16.21   21.92
-221207.877   203.718   -25.54   21.78
-220830.997   194.474   -24.53   20.16
-220454.127   191.561    -7.73   16.69
-220077.269   192.073     1.36   15.70
-219700.421   199.725    20.31   21.01
-219323.584   199.600    -0.33   17.78
-218946.758   202.462     7.59   16.19
-218569.943   211.167    23.11   20.62
-218193.138   223.902    33.80   24.37
-217816.345   237.475    36.03   20.17
-217439.562   244.850    19.58   16.71
-217062.790   248.605     9.97   13.63
-216686.029   252.238     9.64   12.22
-216309.279   249.425    -7.47   13.05
-215932.540   246.974    -6.51   14.59
-215555.811   242.902   -10.81   15.16
-215179.093   235.513   -19.62   16.07
-214802.386   230.690   -12.80   17.99
-214425.690   229.718    -2.58   15.53
-214049.005   230.805     2.89   17.41
-213672.330   232.775     5.23   18.96
-213295.666   228.333   -11.79   20.78
-212919.013   223.463   -12.93   22.72
-212542.371   220.769    -7.15   21.01
-212165.740   216.390   -11.63   17.98
-211789.119   213.875    -6.68   17.50
-211412.509   208.897   -13.22   16.44
-211035.910   207.725    -3.11   16.19
-210659.322   213.500    15.34   22.01
-210282.744   213.075    -1.13   23.01
-209906.178   211.900    -3.12   23.01
-209529.622   210.175    -4.58   20.69
-209153.077   213.390     8.54   21.43
-208776.542   216.846     9.18   21.74
-208400.019   219.675     7.51   22.37
-208023.506   220.564     2.36   22.21
-207647.003   217.317    -8.63   27.34
-207270.512   219.585     6.03   30.32
-206894.031   225.487    15.68   31.34
-206517.562   240.073    38.75   29.52
-206141.102   249.846    25.96   19.75
-205764.654   255.643    15.40   17.00
-205388.216   253.341    -6.11   16.73
-205011.789   250.949    -6.36   16.17
-204635.373   245.000   -15.81   20.85
-204258.968   235.263   -25.87   24.37
-203882.573   230.119   -13.67   24.96
-203506.189   226.872    -8.63   25.70
-203129.816   229.415     6.76   25.23
-202753.453   238.905    25.22   26.05
-202377.101   252.641    36.50   20.18
-202000.760   256.927    11.39   17.04
-201624.430   253.800    -8.31   16.90
-201248.110   244.610   -24.42   22.43
-200871.801   238.650   -15.84   20.77
-200495.503   240.050     3.72   21.72
-200119.215   242.225     5.78   21.78
-199742.938   250.974    23.26   13.78
-199366.672   246.179   -12.74   17.03
-198990.417   243.179    -7.97   17.50
-198614.172   239.538    -9.68   18.03
-198237.938   237.950    -4.22   17.99
-197861.714   237.316    -1.69   16.14
-197485.502   236.850    -1.24   15.45
-197109.299   236.550    -0.80   14.56
-196733.108   237.900     3.59   15.83
-196356.927   235.854    -5.44   18.11
-195980.757   233.605    -5.98   20.35
-195604.598   226.878   -17.89   22.42
-195228.449   222.923   -10.52   22.58
-194852.311   216.854   -16.14   24.31
-194476.184   206.829   -26.65   25.41
-194100.067   200.550   -16.70   24.44
-193723.961   200.214    -0.89   22.24
-193347.866   194.474   -15.27   21.37
-192971.781   192.146    -6.19   19.40
-192595.707   194.205     5.48   18.19
-192219.643   193.390    -2.17   16.42
-191843.590   198.548    13.72   14.38
-191467.548   205.692    19.00   15.78
-191091.517   210.902    13.86   15.31
-190715.496   212.175     3.38   17.46
-190339.485   207.585   -12.21   19.96
-189963.486   201.450   -16.32   19.65
-189587.497   201.675     0.60   18.07
-189211.518   202.300     1.66   16.35
-188835.551   206.077    10.05   14.12
-188459.593   208.385     6.14   14.06
-188083.647   205.051    -8.87   16.64
-187707.711   205.128     0.20   16.06
-187331.786   205.675     1.45   14.75
-186955.871   205.026    -1.73   16.75
-186579.967   206.525     3.99   15.54
-186204.073   209.250     7.25   18.08
-185828.190   215.875    17.63   18.04
-185452.318   224.341    22.53   12.15
-185076.456   225.385     2.78    7.32
-184700.605   221.415   -10.56    8.56
-184324.765   215.205   -16.52    9.96
-183948.935   207.643   -20.12   12.34
-183573.115   199.756   -20.99   13.66
-183197.307   196.250    -9.33   12.83
-182821.508   191.357   -13.02   10.39
-182445.721   188.132    -8.58   10.33
-182069.944   183.762   -11.63   10.36
-181694.177   179.974   -10.08    8.26
-181318.421   181.805     4.87    9.87
-180942.676   187.900    16.22   11.92
-180566.941   195.359    19.85   10.08
-180191.217   198.415     8.13    6.86
-179815.503   196.200    -5.90    9.14
-179439.800   192.220   -10.60    9.54
-179064.108   191.225    -2.65    9.96
-178688.426   197.231    15.99   14.46
-178312.754   206.025    23.41   13.90
-177937.093   214.200    21.76   14.55
-177561.443   217.325     8.32   11.95
-177185.803   214.462    -7.62   11.33
-176810.174   213.925    -1.43   12.98
-176434.555   210.122   -10.13   14.48
-176058.947   215.500    14.32   21.01
-175683.349   220.780    14.06   22.31
-175307.762   228.769    21.27   22.88
-174932.185   239.951    29.78   19.65
-174556.619   247.610    20.39   18.78
-174181.063   253.846    16.61   15.90
-173805.518   261.390    20.09   15.45
-173429.983   269.263    20.97   16.60
-173054.459   279.381    26.95   20.65
-172678.946   292.350    34.54   19.60
-172303.443   303.700    30.23   17.30
-171927.950   306.463     7.36   15.68
-171552.468   307.000     1.43   16.92
-171176.996   302.024   -13.25   15.83
-170801.535   295.158   -18.29   21.37
-170426.085   296.244     2.89   22.29
-170050.644   299.250     8.01   30.92
-169675.215   307.625    22.31   36.49
-169299.796   307.450    -0.47   36.53
-168924.387   308.316     2.31   36.39
-168548.989   315.250    18.47   22.47
-168173.601   319.900    12.39   18.27
-167798.224   325.333    14.48   17.88
-167422.857   329.590    11.34   17.21
-167047.500   331.600     5.36   18.48
-166672.155   329.385    -5.90   17.86
-166296.819   323.615   -15.37   19.55
-165921.494   321.098    -6.71   19.16
-165546.180   319.634    -3.90   18.28
-165170.876   323.525    10.37   22.74
-164795.582   349.000    67.89   38.71
-164420.299   377.105    74.90   40.93
-164045.026   398.714    57.59   34.70
-163669.764   417.650    50.47   22.11
-163294.512   420.538     7.70   18.45
-162919.271   413.268   -19.38   26.85
-162544.040   412.744    -1.40   24.79
-162168.819   408.595   -11.06   23.99
-161793.609   403.179   -14.44   23.07
-161418.410   401.475    -4.54   22.19
-161043.220   394.150   -19.53   23.05
-160668.042   374.050   -53.58   30.63
-160292.873   365.025   -24.06   31.26
-159917.715   357.917   -18.95   33.54
-159542.568   369.949    32.08   34.35
-159167.430   381.550    30.93   30.78
-158792.304   373.625   -21.13   32.71
-158417.187   364.675   -23.86   33.98
-158042.081   356.400   -22.06   35.18
-157666.986   337.077   -51.52   33.03
-157291.901   331.789   -14.10   36.19
-156916.826   326.550   -13.97   31.39
-156541.762   331.390    12.91   29.91
-156166.708   338.975    20.23   28.73
-155791.664   357.200    48.60   27.72
-155416.631   370.000    34.13   26.18
-155041.608   378.548    22.79   23.90
-154666.596   389.769    29.93   20.92
-154291.594   389.463    -0.82   24.26
-153916.602   381.125   -22.24   30.84
-153541.621   372.564   -22.83   30.95
-153166.650   358.116   -38.53   26.55
-152791.689   349.342   -23.40   28.85
-152416.739   352.350     8.02   31.23
-152041.799   351.325    -2.73   24.81
-151666.870   349.317    -5.36   21.93
-151291.950   339.122   -27.20   25.57
-150917.042   320.051   -50.87   28.01
-150542.143   301.513   -49.45   31.57
-150167.255   283.025   -49.32   22.90
-149792.377   285.268     5.98   26.10
-149417.510   308.650    62.38   46.09
-149042.653   337.475    76.90   52.09
-148667.806   379.333   111.68   41.27
-148292.783   406.184    71.60   28.42
-147915.876   405.825    -0.95   31.07
-147538.978   397.200   -22.89   34.50
-147162.092   381.800   -40.86   28.33
-146785.215   375.282   -17.30   23.55
-146408.349   367.216   -21.40   20.13
-146031.494   355.429   -31.28   22.42
-145654.649   347.718   -20.46   20.62
-145277.814   345.425    -6.09   24.79
-144900.990   354.050    22.89   35.27
-144524.176   372.462    48.87   36.41
-144147.373   389.476    45.16   30.06
-143770.580   396.795    19.43   25.82
-143393.798   393.475    -8.81   26.93
-143017.026   379.051   -38.29   31.17
-142640.264   369.769   -24.64   27.41
-142263.513   361.667   -21.51   19.06
-141886.772   364.579     7.73   18.16
-141510.042   368.725    11.01   17.23
-141133.322   362.650   -16.13   23.85
-140756.612   350.488   -32.29   31.21
-140379.913   333.800   -44.30   29.86
-140003.224   313.946   -52.71   28.36
-139626.546   296.175   -47.18   32.13
-139249.878   278.700   -46.40   28.13
-138873.220   267.425   -29.94   15.87
-138496.573   263.225   -11.15   14.26
-138119.936   258.925   -11.42   13.77
-137743.310   255.513    -9.06   13.36
-137366.694   249.763   -15.27   12.02
-136990.088   242.975   -18.03   12.39
-136613.493   237.585   -14.31   12.45
-136236.908   233.875    -9.85   14.34
-135860.333   237.325     9.16   16.84
-135483.769   236.605    -1.91   18.00
-135107.215   236.268    -0.89   19.43
-134730.672   240.122    10.24   23.20
-134354.138   245.500    14.28   26.11
-133977.616   261.375    42.17   22.61
-133601.103   271.711    27.45   15.73
-133224.601   265.190   -17.32   20.62
-132848.109   253.900   -29.99   25.47
-132471.628   239.575   -38.05   24.48
-132095.157   228.122   -30.42   14.59
-131718.696   231.744     9.62   19.31
-131342.246   238.071    16.81   23.47
-130965.806   250.821    33.87   24.00
-130589.376   258.051    19.21   22.75
-130212.957   262.175    10.96   21.92
-129836.548   268.923    17.93   20.44
-129460.149   268.075    -2.25   18.79
-129083.761   269.583     4.01   20.47
-128707.383   278.756    24.37   22.37
-128331.015   286.103    19.52   21.37
-127954.657   289.256     8.38   16.43
-127578.310   287.475    -4.73   18.50
-127201.974   280.359   -18.91   21.04
-126825.647   271.675   -23.08   17.04
-126449.331   267.692   -10.58   15.50
-126073.025   262.872   -12.81   12.90
-125696.729   262.268    -1.60   12.12
-125320.444   262.659     1.04   10.48
-124944.169   260.780    -4.99   10.63
-124567.904   255.718   -13.46   10.19
-124191.650   250.098   -14.94   11.68
-123815.405   243.268   -18.15   11.17
-123439.172   237.950   -14.14    9.63
-123062.948   233.425   -12.03   10.18
-122686.735   233.868     1.18   13.04
-122310.532   241.833    21.17   20.34
-121934.339   254.125    32.68   22.83
-121558.156   265.282    29.66   15.50
-121181.984   269.317    10.73   13.24
-120805.822   267.462    -4.93   11.08
-120429.670   271.927    11.87   12.10
-120053.529   276.000    10.83   13.18
-119677.397   282.000    15.95   15.29
-119301.276   285.400     9.04   15.70
-118925.166   283.795    -4.27   19.30
-118549.065   284.400     1.61   21.54
-118172.975   284.103    -0.79   21.44
-117796.895   295.171    29.43   17.60
-117420.825   296.308     3.02   14.65
-117044.766   286.950   -24.89   25.62
-116668.717   271.846   -40.17   30.88
-116292.677   260.077   -31.30   24.54
-115916.649   246.450   -36.24   25.51
-115540.630   230.410   -42.66   28.44
-115164.622   213.950   -43.78   27.02
-114788.624   204.341   -25.56   21.41
-114412.636   197.054   -19.38   14.89
-114036.658   191.146   -15.71   18.46
-113660.690   190.538    -1.62   20.87
-113284.733   181.075   -25.17   21.81
-112908.786   175.537   -14.73   20.96
-112532.849   182.154    17.60   24.94
-112156.922   178.095   -10.80   24.30
-111781.006   174.316   -10.05   25.32
-111405.100   168.171   -16.35   24.70
-111029.204   159.410   -23.31   23.85
-110653.318   147.976   -30.42   24.86
-110277.442   142.881   -13.56   26.04
-109901.576   138.308   -12.17   33.60
-109525.721   128.366   -26.45   34.33
-109149.876   118.650   -25.85   27.35
-108774.041   110.220   -22.43   17.12
-108398.216   113.575     8.93   17.53
-108022.402   115.385     4.82   16.53
-107646.597   117.800     6.43   15.13
-107270.803   119.658     4.94   13.70
-106895.019   119.154    -1.34   13.38
-106519.245   120.750     4.25   13.25
-106143.481   122.821     5.51   13.51
-105767.727   120.683    -5.69   15.06
-105391.984   114.026   -17.72   13.75
-105016.251   113.925    -0.27   12.06
-104640.527   118.000    10.85   11.76
-104264.814   127.425    25.09   13.12
-103889.112   131.561    11.01   11.16
-103513.419   129.436    -5.66   15.83
-103137.736   122.049   -19.66   21.41
-102762.064   113.077   -23.88   22.74
-102386.401   105.146   -21.11   20.43
-102010.749    94.205   -29.13    9.98
-101635.107    92.700    -4.01    8.95
-101259.475    93.595     2.38   11.10
-100883.853    97.211     9.63   14.82
-100508.242    99.775     6.83   14.60
-100132.640    99.825     0.13   14.03
 -99757.049    99.976     0.40   13.22
 -99381.467    98.875    -2.93   11.91
 -99005.896    97.872    -2.67    9.92
 -98630.335    96.800    -2.85    8.30
 -98254.784   100.436     9.68    9.41
 -97879.243   106.650    16.55   12.44
 -97503.712   108.256     4.28   11.64
 -97128.192   105.872    -6.35   11.28
 -96752.681    99.410   -17.21   11.13
 -96377.181    92.868   -17.42    7.02
 -96001.690    90.125    -7.31    4.11
 -95626.210    93.625     9.32    8.20
 -95250.740    96.050     6.46    8.56
 -94875.279    98.073     5.39    7.98
 -94499.829    99.658     4.22    6.61
 -94124.389   100.390     1.95    5.08
 -93748.959   101.179     2.10    3.89
 -93373.539   104.195     8.03    5.71
 -92998.130   108.525    11.53    7.67
 -92622.730   111.385     7.62    8.30
 -92247.340   114.048     7.09    9.31
 -91871.961   115.105     2.82    9.55
 -91496.591   114.317    -2.10    9.09
 -91121.232   112.641    -4.47    7.86
 -90745.882   110.610    -5.41    6.26
 -90370.543   109.650    -2.56    6.69
 -89995.214   111.026     3.67    6.01
 -89619.894   111.825     2.13    4.62
 -89244.585   111.225    -1.60    4.68
 -88869.286   107.878    -8.92    4.99
 -88493.997   105.667    -5.89    4.72
 -88118.718   105.675     0.02    4.83
 -87743.449   104.538    -3.03    5.49
 -87368.189   103.103    -3.83    5.36
 -86992.940   100.650    -6.54    4.87
 -86617.701    97.564    -8.22    4.30
 -86242.473    95.975    -4.24    4.31
 -85867.254    94.146    -4.87    4.66
 -85492.045    93.368    -2.07    5.43
 -85116.846    92.317    -2.80    5.47
 -84741.657    91.000    -3.51    5.47
 -84366.478    89.805    -3.19    5.12
 -83991.309    89.293    -1.37    4.71
 -83616.150    87.487    -4.81    5.35
 -83241.001    85.902    -4.22    5.86
 -82865.862    83.868    -5.42    5.25
 -82490.734    81.714    -5.74    4.59
 -82115.615    80.487    -3.27    4.71
 -81740.506    78.293    -5.85    4.69
 -81365.407    77.075    -3.25    3.91
 -80990.318    75.641    -3.82    3.53
 -80615.239    76.075     1.16    3.81
 -80240.170    75.676    -1.06    4.22
 -79865.111    73.659    -5.38    4.74
 -79490.062    73.462    -0.53    5.26
 -79115.023    73.282    -0.48    5.08
 -78739.994    72.513    -2.05    5.36
 -78364.975    72.684     0.46    5.60
 -77989.966    70.725    -5.22    4.82
 -77614.967    70.974     0.66    4.56
 -77239.978    71.902     2.48    4.61
 -76864.999    71.854    -0.13    4.58
 -76490.029    72.026     0.46    5.12
 -76115.070    69.200    -7.54    6.14
 -75740.121    66.658    -6.78    6.10
 -75365.181    64.238    -6.45    4.17
 -74990.252    62.850    -3.70    3.54
 -74615.332    62.000    -2.27    3.24
 -74240.423    61.073    -2.47    2.42
 -73865.523    60.821    -0.67    1.76
 -73490.633    61.333     1.37    2.94
 -73115.106    61.868     1.42    3.58
 -72738.237    61.436    -1.15    2.98
 -72361.378    61.125    -0.83    2.83
 -71984.530    60.641    -1.28    1.71
 -71607.691    60.425    -0.57    1.01
 -71230.862    60.444     0.05    1.54
 -70854.044    61.707     3.35    3.66
 -70477.235    62.075     0.98    3.74
 -70100.437    62.359     0.75    3.77
 -69723.648    60.875    -3.94    2.75
 -69346.870    59.400    -3.91    3.84
 -68970.101    57.525    -4.98    5.24
 -68593.343    56.744    -2.07    6.83
 -68216.594    55.050    -4.50    6.88
 -67839.856    52.780    -6.02    6.77
 -67463.127    50.676    -5.59    5.79
 -67086.409    49.450    -3.25    5.05
 -66709.700    48.333    -2.96    4.36
 -66333.002    47.975    -0.95    3.37
 -65956.314    49.659     4.47    3.88
 -65579.635    51.447     4.75    4.68
 -65202.967    54.690     8.61    5.26
 -64826.308    55.718     2.73    4.93
 -64449.660    54.049    -4.43    6.17
 -64073.021    51.436    -6.94    6.42
 -63696.393    47.750    -9.79    4.58
 -63319.774    44.429    -8.82    4.59
 -62943.166    41.105    -8.82    4.90
 -62566.567    38.275    -7.52    4.15
 -62189.979    35.154    -8.29    3.79
 -61813.400    33.683    -3.91    3.20
 -61436.831    31.854    -4.86    2.47
 -61060.273    31.237    -1.64    1.87
 -60683.724    31.775     1.43    2.45
 -60307.185    32.100     0.86    2.80
 -59930.656    32.098    -0.01    2.82
 -59554.137    31.450    -1.72    2.79
 -59177.628    30.237    -3.22    1.85
 -58801.129    30.263     0.07    1.75
 -58424.640    30.158    -0.28    2.14
 -58048.161    30.200     0.11    2.70
 -57671.692    29.825    -1.00    2.73
 -57295.233    29.400    -1.13    1.86
 -56918.784    29.225    -0.46    1.59
 -56542.344    28.974    -0.67    1.46
 -56165.915    28.950    -0.06    1.58
 -55789.495    28.634    -0.84    1.61
 -55413.086    28.359    -0.73    1.71
 -55036.686    28.550     0.51    2.11
 -54660.297    28.333    -0.58    2.08
 -54283.917    28.048    -0.76    2.00
 -53907.547    27.872    -0.47    2.09
 -53531.187    28.150     0.74    2.26
 -53154.837    27.450    -1.86    2.07
 -52778.497    26.821    -1.67    1.92
 -52402.166    26.643    -0.47    2.06
 -52025.846    26.538    -0.28    2.14
 -51649.536    26.875     0.89    2.08
 -51273.235    26.825    -0.13    1.99
 -50896.945    26.675    -0.40    1.69
 -50520.664    26.450    -0.60    1.45
 -50144.393    26.750     0.80    2.10
 -49768.132    26.400    -0.93    2.31
 -49391.881    25.974    -1.13    2.43
 -49015.640    25.641    -0.89    2.50
 -48639.408    25.450    -0.51    2.24
 -48263.187    26.026     1.53    2.56
 -47886.975    26.846     2.18    2.43
 -47510.773    27.128     0.75    2.26
 -47134.582    26.850    -0.74    2.35
 -46758.400    25.366    -3.95    2.50
 -46382.228    24.513    -2.27    2.57
 -46006.065    23.625    -2.36    2.51
 -45629.913    22.718    -2.41    2.27
 -45253.770    22.762     0.12    2.36
 -44877.638    22.683    -0.21    2.23
 -44501.515    22.590    -0.25    2.06
 -44125.402    21.700    -2.37    1.87
 -43749.299    21.000    -1.86    1.32
 -43373.205    20.738    -0.70    1.71
 -42997.122    20.641    -0.26    1.78
 -42621.048    20.550    -0.24    2.06
 -42244.985    20.250    -0.80    2.08
 -41868.931    19.538    -1.89    1.76
 -41492.886    18.927    -1.63    1.66
 -41116.852    18.378    -1.46    1.46
 -40740.828    18.000    -1.01    1.60
 -40364.813    17.897    -0.27    1.65
 -39988.808    17.410    -1.30    1.25
 -39612.813    16.850    -1.49    1.14
 -39236.828    16.462    -1.03    1.27
 -38860.853    16.179    -0.75    1.55
 -38484.887    16.333     0.41    2.24
 -38108.931    16.128    -0.55    2.17
 -37732.985    16.146     0.05    2.43
 -37357.049    16.324     0.47    2.57
 -36981.123    15.500    -2.19    1.96
 -36605.206    15.487    -0.03    1.97
 -36229.300    15.700     0.57    1.88
 -35853.403    15.488    -0.56    1.90
 -35477.515    14.949    -1.43    1.92
 -35101.638    14.073    -2.33    1.56
 -34725.770    14.000    -0.19    1.52
 -34349.913    13.829    -0.45    1.56
 -33974.065    14.231     1.07    1.61
 -33598.226    14.600     0.98    2.28
 -33222.398    14.195    -1.08    2.63
 -32846.579    13.947    -0.66    2.78
 -32470.770    12.825    -2.99    2.45
 -32094.971    11.718    -2.95    1.39
 -31719.182    11.244    -1.26    1.14
 -31343.402    11.293     0.13    0.96
 -30967.632    11.333     0.11    1.08
 -30591.872    11.359     0.07    1.18
 -30216.122    11.154    -0.55    1.14
 -29840.381    11.231     0.20    1.25
 -29464.650    11.385     0.41    1.39
 -29088.929    11.436     0.14    1.29
 -28713.217    10.923    -1.36    1.13
 -28337.516    10.417    -1.35    1.25
 -27961.824    10.000    -1.11    1.32
 -27586.142     9.900    -0.27    1.28
 -27210.469    10.325     1.13    1.54
 -26834.807    11.026     1.87    2.12
 -26459.154    11.342     0.84    1.96
 -26083.510    11.500     0.42    1.78
 -25707.877    11.359    -0.38    1.72
 -25332.253    10.878    -1.28    1.78
 -24956.639    11.100     0.59    2.20
 -24581.035    10.800    -0.80    2.31
 -24205.440    10.585    -0.57    2.24
 -23829.855    10.421    -0.44    2.20
 -23454.280    10.000    -1.12    2.05
 -23078.714     9.769    -0.61    2.03
 -22703.158     9.195    -1.53    1.60
 -22327.612     9.659     1.23    2.49
 -21952.076     9.897     0.64    2.45
 -21576.549     9.769    -0.34    2.34
 -21201.032     9.575    -0.52    2.16
 -20825.525     8.900    -1.80    1.78
 -20450.027     8.900     0.00    1.55
 -20074.539     9.237     0.90    1.58
 -19699.061     9.359     0.33    1.98
 -19323.592     9.667     0.82    2.82
 -18948.133     9.175    -1.31    2.85
 -18572.684     8.300    -2.33    2.84
 -18197.244     7.750    -1.46    2.74
 -17821.814     7.538    -0.56    1.62
 -17446.394     7.737     0.53    1.46
 -17070.984     7.571    -0.44    1.56
 -16695.583     7.513    -0.16    1.50
 -16320.191     7.268    -0.65    1.36
 -15944.810     7.325     0.15    1.27
 -15569.438     7.410     0.23    1.14
 -15194.076     7.463     0.14    1.14
 -14818.723     7.737     0.73    1.43
 -14443.380     7.525    -0.56    1.72
 -14068.047     7.590     0.17    1.71
 -13692.723     7.537    -0.14    1.67
 -13317.409     7.488    -0.13    1.49
 -12942.105     7.737     0.66    1.35
 -12566.810     7.821     0.22    1.25
 -12191.525     7.900     0.21    1.35
 -11816.249     7.821    -0.21    1.25
 -11440.983     7.750    -0.19    1.41
 -11065.727     8.462     1.90    2.49
 -10690.480     8.789     0.87    2.60
 -10315.243     8.972     0.49    3.10
  -9940.016     9.050     0.21    2.91
  -9564.798     8.850    -0.53    2.27
  -9189.590     9.425     1.53    2.36
  -8814.391     8.974    -1.20    1.78
  -8439.202     9.077     0.27    1.81
  -8064.023     8.976    -0.27    1.89
  -7688.853     8.538    -1.17    1.65
  -7313.693     8.525    -0.04    1.65
  -6938.543     9.250     1.93    2.92
  -6563.402     9.359     0.29    3.17
  -6188.270     9.512     0.41    3.56
  -5813.149     9.263    -0.66    3.61
  -5438.036     8.450    -2.17    2.86
  -5062.934     8.077    -0.99    2.52
  -4687.841     7.463    -1.64    2.05
  -4312.757     7.100    -0.97    2.96
  -3937.684     5.816    -3.42    4.20
  -3562.619     4.923    -2.38    4.52
  -3187.565     4.150    -2.06    4.36
  -2812.519     3.718    -1.15    3.95
  -2437.484     3.821     0.27    3.87
  -2062.458     4.103     0.75    3.86
  -1687.442     3.737    -0.98    3.94
  -1312.435     3.500    -0.63    4.07
   -937.437     1.975    -4.07    3.39
   -562.450     1.325    -1.73    2.96
   -187.471     0.400    -2.47    1.77
    187.497     0.275    -0.33    1.34
    562.456     0.872     1.59    2.23
    937.406     2.738     4.98    3.76
   1312.346     4.231     3.98    4.03
   1687.276     5.325     2.92    3.82
   2063.280     6.846     4.05    2.96
   2440.109     7.050     0.54    2.62
   2816.929     7.024    -0.07    2.63
   3193.740     7.368     0.91    2.51
   3570.540     6.275    -2.90    2.67
   3947.332     4.282    -5.29    3.58
   4324.113     2.829    -3.86    3.40
   4700.885     1.275    -4.13    3.10
   5077.647     0.111    -3.09    2.36
   5454.400     0.053    -0.16    1.90
   5831.143     0.650     1.59    2.28
   6207.876     1.179     1.41    2.36
   6584.600     1.475     0.78    2.21
   6961.314     1.300    -0.46    2.13
   7338.019     0.513    -2.09    1.96
   7714.714    -0.263    -2.06    1.54
   8091.399     0.350     1.63    3.13
   8468.075     0.439     0.24    3.13
   8844.741     1.575     3.02    3.82
   9221.398     2.125     1.46    3.96
   9598.045     2.895     2.04    4.18
   9974.682     4.341     3.84    4.81
  10351.310     6.024     4.47    5.20
  10727.928     8.026     5.31    4.58
  11104.537     9.600     4.18    3.16
  11481.136    10.184     1.55    3.62
  11857.725     9.810    -0.99    3.63
  12234.305     9.154    -1.74    3.44
  12610.876     8.450    -1.87    3.07
  12987.436     7.900    -1.46    2.54
  13363.988     7.462    -1.16    1.94
  13740.529     7.317    -0.38    2.09
  14117.061     7.632     0.84    1.55
  14493.584     7.146    -1.29    2.07
  14870.097     6.795    -0.93    2.21
  15246.600     6.846     0.14    1.63
  15623.094     6.500    -0.92    1.72
  15999.578     6.421    -0.21    2.39
  16376.053     7.795     3.65    3.40
  16752.518     8.564     2.04    3.85
  17128.974     9.692     3.00    3.46
  17505.420     9.436    -0.68    3.33
  17881.857     8.083    -3.59    3.12
  18258.284     6.800    -3.41    2.02
  18634.701     6.900     0.27    1.98
  19011.109     6.850    -0.13    2.26
  19387.508     6.897     0.13    2.19
  19763.897     6.842    -0.15    2.37
  20140.276     5.833    -2.68    3.55
  20516.646     3.974    -4.94    5.05
  20893.007     2.390    -4.21    5.32
  21269.358     2.525     0.36    5.39
  21645.699     3.667     3.03    5.13
  22022.031     6.050     6.33    3.51
  22398.353     6.846     2.12    0.96
  22774.666     6.700    -0.39    0.94
  23150.969     6.974     0.73    1.74
  23527.263     7.829     2.27    2.70
  23903.548     8.225     1.05    2.95
  24279.822     8.842     1.64    3.32
  24656.088     8.425    -1.11    3.45
  25032.344     7.400    -2.72    2.74
  25408.590     7.100    -0.80    2.77
  25784.827     6.875    -0.60    2.64
  26161.054     7.105     0.61    2.20
  26537.272     7.378     0.73    2.02
  26913.481     7.132    -0.66    2.93
  27289.680     6.850    -0.75    2.97
  27665.869     4.390    -6.54    4.74
  28042.050     3.475    -2.43    5.26
  28418.220     3.100    -1.00    4.90
  28794.381     2.474    -1.66    5.05
  29170.533     3.000     1.40    4.92
  29546.675     3.585     1.56    4.69
  29922.808     4.026     1.17    4.55
  30298.931     4.525     1.33    5.11
  30675.045     5.053     1.40    5.37
  31051.149     5.500     1.19    5.17
  31427.244     6.375     2.33    4.10
  31803.330     7.128     2.00    2.08
  32179.406     7.103    -0.07    2.14
  32555.473     6.974    -0.34    2.30
  32931.530     6.878    -0.26    2.51
  33307.577     6.289    -1.57    2.76
  33683.616     5.707    -1.55    2.96
  34059.645     4.590    -2.97    2.65
  34435.664     3.308    -3.41    1.49
  34811.674     2.875    -1.15    1.22
  35187.675     3.684     2.15    2.47
  35563.666     4.128     1.18    2.60
  35939.648     4.526     1.06    2.74
  36315.620     4.872     0.92    2.94
  36691.583     4.450    -1.12    2.86
  37067.537     4.605     0.41    2.98
  37443.481     4.925     0.85    2.77
  37819.416     5.308     1.02    2.46
  38195.341     5.641     0.89    2.11
  38571.257     5.829     0.50    2.06
  38947.163     5.641    -0.50    1.94
  39323.061     5.415    -0.60    2.07
  39698.948     5.179    -0.63    1.90
  40074.827     5.341     0.43    1.74
  40450.696     5.308    -0.09    1.96
  40826.555     5.500     0.51    2.15
  41202.405     4.854    -1.72    2.12
  41578.246     4.842    -0.03    2.70
  41954.078     4.700    -0.38    2.76
  42329.900     4.895     0.52    3.12
  42705.712     5.390     1.32    3.53
  43081.516     6.098     1.88    3.79
  43457.310     6.658     1.49    3.40
  43833.094     6.538    -0.32    3.32
  44208.870     5.897    -1.71    3.51
  44584.635     5.103    -2.12    3.03
  44960.392     4.769    -0.89    2.95
  45336.139     4.526    -0.65    2.65
  45711.877     5.205     1.81    2.69
  46087.605     5.472     0.71    3.01
  46463.325     5.375    -0.26    3.27
  46839.034     4.925    -1.20    3.11
  47214.735     4.425    -1.33    2.80
  47590.426     3.974    -1.20    2.84
  47966.108     3.051    -2.46    1.70
  48341.780     2.881    -0.45    1.33
  48717.443     2.846    -0.09    1.42
  49093.097     2.750    -0.26    1.72
  49468.741     2.700    -0.13    1.91
  49844.376     2.615    -0.23    2.02
  50220.002     3.098     1.28    2.55
  50595.618     3.158     0.16    2.40
  50971.226     3.250     0.25    2.32
  51346.823     3.154    -0.26    2.44
  51722.412     2.390    -2.03    1.74
  52097.991     2.500     0.29    1.91
  52473.561     3.324     2.19    2.81
  52849.122     4.179     2.28    2.96
  53224.673     4.875     1.85    2.76
  53600.215     4.872    -0.01    3.00
  53975.747     3.949    -2.46    2.70
  54351.271     3.375    -1.53    2.27
  54726.785     2.579    -2.12    1.75
  55102.290     2.667     0.23    2.01
  55477.785     2.650    -0.04    2.19
  55853.271     2.756     0.28    2.15
  56228.748     2.769     0.03    2.02
  56604.216     2.775     0.02    2.17
  56979.674     2.500    -0.73    2.28
  57355.124     1.762    -1.97    2.27
  57730.563     1.077    -1.82    2.19
  58105.994     0.550    -1.40    1.54
  58481.415     0.450    -0.27    1.41
  58856.827     0.564     0.30    1.70
  59232.230     1.238     1.80    2.14
  59607.623     1.947     1.89    2.54
  59983.008     2.475     1.41    2.86
  60358.383     2.950     1.27    2.88
  60733.748     2.750    -0.53    2.76
  61109.105     2.875     0.33    2.59
  61484.452     3.444     1.52    2.47
  61859.790     3.211    -0.62    2.30
  62235.119     2.632    -1.54    2.48
  62610.438     3.275     1.71    2.39
  62985.748     4.375     2.93    2.83
  63361.049     5.075     1.87    2.52
  63736.341     5.333     0.69    2.45
  64111.624     4.270    -2.83    2.77
  64486.897     3.341    -2.47    2.53
  64862.161     3.220    -0.32    2.37
  65237.416     3.051    -0.45    2.05
  65612.662     3.650     1.60    2.05
  65987.898     3.447    -0.54    2.23
  66363.125     3.244    -0.54    2.44
  66738.343     3.718     1.26    2.42
  67113.552     3.950     0.62    2.45
  67488.752     4.077     0.34    2.57
  67863.942     4.103     0.07    2.43
  68239.123     3.951    -0.40    2.28
  68614.295     3.556    -1.05    2.45
  68989.458     2.462    -2.92    2.34
  69364.611     2.150    -0.83    2.42
  69739.756     2.128    -0.06    2.42
  70114.891     1.325    -2.14    2.62
  70490.017     1.289    -0.09    2.68
  70865.133     1.342     0.14    2.69
  71240.241     1.872     1.41    2.93
  71615.339     2.950     2.87    2.95
  71990.429     3.463     1.37    2.71
  72365.509     3.667     0.54    2.33
  72740.580     3.525    -0.38    2.42
  73115.641     4.053     1.41    2.44
  73490.694     4.073     0.05    2.55
  73865.737     3.854    -0.59    2.47
  74240.771     3.667    -0.50    2.40
  74615.796     2.775    -2.38    2.71
  74990.812     2.436    -0.90    2.88
  75365.819     2.143    -0.78    2.77
  75740.816     1.895    -0.66    2.28
  76115.805     2.897     2.67    2.14
  76490.784     3.175     0.74    2.07
  76865.754     4.077     2.41    2.55
  77242.201     4.100     0.06    2.66
  77618.990     4.750     1.73    2.38
  77995.770     4.561    -0.50    2.46
  78372.541     3.763    -2.12    2.06
  78749.303     3.385    -1.00    1.87
  79126.055     3.100    -0.76    1.74
  79502.798     2.816    -0.75    2.14
  79879.532     3.000     0.49    2.25
  80256.257     3.436     1.16    2.12
  80632.972     3.692     0.68    2.13
  81009.678     3.073    -1.64    2.07
  81386.375     2.216    -2.27    1.75
  81763.063     2.098    -0.31    1.43
  82139.742     2.103     0.01    1.96
  82516.411     2.359     0.68    1.84
  82893.071     1.897    -1.23    2.00
  83269.722     1.868    -0.08    1.86
  83646.364     1.929     0.16    1.98
  84022.996     1.718    -0.56    2.04
  84399.620     1.300    -1.11    1.81
  84776.234     0.564    -1.95    1.31
  85152.839     0.675     0.29    1.62
  85529.435     0.293    -1.02    2.69
  85906.021    -0.184    -1.27    3.14
  86282.599    -0.750    -1.50    3.30
  86659.167    -1.718    -2.57    2.64
  87035.726    -2.268    -1.46    2.05
  87412.276    -1.725     1.44    2.64
  87788.817    -1.750    -0.07    2.67
  88165.348    -0.421     3.53    3.18
  88541.870     1.923     6.23    3.63
  88918.384     2.462     1.43    3.22
  89294.888     2.051    -1.09    3.32
  89671.382     1.725    -0.87    3.06
  90047.868     0.282    -3.83    1.36
  90424.345     0.921     1.70    1.70
  90800.812     1.900     2.60    1.78
  91177.270     2.634     1.95    2.29
  91553.719     3.368     1.95    2.44
  91930.159     2.875    -1.31    2.73
  92306.590     2.026    -2.25    2.91
  92683.012     1.707    -0.85    2.72
  93059.424     1.125    -1.55    2.22
  93435.828     1.103    -0.06    1.98
  93812.222     1.000    -0.27    2.15
  94188.607     1.105     0.28    2.05
  94564.983     1.000    -0.28    2.28
  94941.350     1.615     1.63    1.95
  95317.708     1.415    -0.53    2.27
  95694.056     1.410    -0.01    2.82
  96070.396     1.128    -0.75    2.83
  96446.726     1.341     0.57    2.97
  96823.047     1.405     0.17    2.92
  97199.360     0.780    -1.66    2.46
  97575.663     0.590    -0.51    2.38
  97951.956     0.641     0.14    2.10
  98328.241    -0.421    -2.82    1.57
  98704.517    -1.237    -2.17    1.60
  99080.784    -1.425    -0.50    1.53
  99457.041    -1.769    -0.91    1.55
  99833.290    -1.821    -0.14    1.57
 100209.529    -1.744     0.20    1.53
 100585.759    -2.028    -0.76    1.16
 100961.980    -2.024     0.01    1.08
 101338.192    -1.538     1.29    1.55
 101714.395    -0.872     1.77    2.03
 102090.589     0.050     2.45    2.36
 102466.774     0.359     0.82    2.51
 102842.950     0.317    -0.11    2.47
 103219.116     0.718     1.07    2.96
 103595.274     1.175     1.21    3.37
 103971.422     1.026    -0.40    3.13
 104347.562     1.308     0.75    2.87
 104723.692     1.667     0.95    2.68
 105099.814     1.184    -1.28    1.97
 105475.926     1.225     0.11    2.12
 105852.029     0.700    -1.40    2.13
 106228.123     0.610    -0.24    2.34
 106604.208     0.800     0.51    2.78
 106980.284     0.083    -1.91    2.89
 107356.351    -0.135    -0.58    2.96
 107732.409     0.526     1.76    3.29
 108108.458     1.125     1.59    3.44
 108484.498     0.575    -1.46    3.12
 108860.529     0.450    -0.33    3.23
 109236.551     0.125    -0.86    3.07
 109612.564    -0.923    -2.79    2.49
 109988.567    -1.150    -0.60    3.15
 110364.562    -1.659    -1.35    2.95
 110740.548    -2.077    -1.11    2.88
 111116.524    -2.350    -0.73    2.87
 111492.492    -3.053    -1.87    1.69
 111868.451    -3.476    -1.13    1.11
 112244.400    -3.154     0.86    1.41
 112620.341    -2.875     0.74    1.47
 112996.273    -3.050    -0.47    1.47
 113372.195    -3.282    -0.62    1.62
 113748.109    -3.854    -1.52    1.70
 114124.013    -4.486    -1.68    1.22
 114499.909    -4.341     0.39    1.33
 114875.795    -4.308     0.09    1.36
 115251.673    -4.000     0.82    1.59
 115627.541    -4.075    -0.20    1.49
 116003.401    -4.053     0.06    1.35
 116379.252    -4.436    -1.02    0.99
 116755.093    -4.667    -0.61    0.93
 117130.926    -4.605     0.16    1.05
 117506.750    -4.780    -0.47    1.06
 117882.564    -4.861    -0.21    1.20
 118258.370    -4.900    -0.10    1.17
 118634.167    -5.179    -0.74    1.14
 119009.954    -5.200    -0.05    0.97
 119385.733    -5.436    -0.63    0.94
 119761.503    -5.474    -0.10    0.89
 120137.264    -5.619    -0.39    0.96
 120513.016    -5.513     0.28    1.05
 120888.758    -5.375     0.37    0.98
 121264.492    -5.026     0.93    1.20
 121640.217    -5.100    -0.20    1.24
 122015.933    -4.732     0.98    1.18
 122391.641    -4.421     0.83    1.20
 122767.339    -4.200     0.59    1.20
 123143.028    -4.282    -0.22    1.17
 123518.708    -4.268     0.04    1.18
 123894.379    -4.225     0.12    1.00
 124270.042    -4.216     0.02    1.00
 124645.695    -4.026     0.51    1.53
 125021.340    -3.921     0.28    1.96
 125396.975    -4.125    -0.54    1.98
 125772.602    -4.500    -1.00    1.59
 126148.220    -4.875    -1.00    0.97
 126523.828    -4.872     0.01    0.86
 126899.428    -4.861     0.03    0.90
 127275.019    -4.775     0.23    0.95
 127650.601    -4.125     1.73    1.99
 128026.174    -3.500     1.66    2.39
 128401.739    -2.950     1.46    2.22
 128777.294    -2.744     0.55    1.98
 129152.840    -2.825    -0.22    2.18
 129528.378    -3.000    -0.47    2.19
 129903.906    -3.100    -0.27    2.42
 130279.426    -3.737    -1.70    2.20
 130654.937    -3.641     0.26    1.93
 131030.439    -3.683    -0.11    2.03
 131405.931    -4.083    -1.07    1.50
 131781.416    -4.462    -1.01    1.25
 132156.891    -4.675    -0.57    1.59
 132532.357    -4.615     0.16    1.76
 132907.815    -4.225     1.04    2.53
 133283.263    -3.676     1.46    3.18
 133658.703    -3.684    -0.02    3.15
 134034.134    -3.921    -0.63    2.77
 134409.555    -4.100    -0.48    2.92
 134784.968    -5.049    -2.53    1.83
 135160.373    -4.923     0.33    2.12
 135535.768    -4.350     1.53    2.64
 135911.154    -3.684     1.77    2.88
 136286.532    -2.195     3.97    3.35
 136661.901    -0.700     3.98    3.51
 137037.261    -0.684     0.04    3.38
 137412.612    -1.050    -0.97    3.34
 137787.954    -1.513    -1.23    3.29
 138163.287    -3.000    -3.96    2.59
 138538.611    -2.564     1.16    3.02
 138913.927    -2.821    -0.68    2.73
 139289.234    -2.900    -0.21    2.54
 139664.532    -2.846     0.14    2.64
 140039.821    -3.925    -2.87    1.98
 140415.101    -4.333    -1.09    2.15
 140790.373    -4.750    -1.11    1.61
 141165.635    -4.421     0.88    1.91
 141540.889    -4.053     0.98    2.10
 141916.134    -3.179     2.33    2.47
 142291.370    -1.816     3.63    2.37
 142666.597    -1.225     1.57    2.81
 143041.816    -1.395    -0.45    3.02
 143417.025    -2.538    -3.05    3.18
 143792.226    -3.951    -3.77    2.70
 144167.418    -4.615    -1.77    2.36
 144542.601    -4.829    -0.57    1.66
 144917.776    -4.447     1.02    1.80
 145292.941    -4.525    -0.21    1.74
 145668.098    -4.410     0.31    1.63
 146043.246    -4.513    -0.27    1.83
 146418.385    -4.390     0.33    1.73
 146793.516    -4.282     0.29    1.70
 147168.637    -4.146     0.36    2.07
 147543.750    -4.079     0.18    1.84
 147918.854    -4.073     0.02    1.86
 148293.949    -4.132    -0.16    1.73
 148669.036    -4.538    -1.08    1.83
 149044.113    -4.925    -1.03    1.97
 149419.182    -5.079    -0.41    2.15
 149794.242    -4.846     0.62    2.24
 150169.294    -4.436     1.09    2.40
 150544.336    -4.289     0.39    2.64
 150919.370    -3.878     1.10    2.44
 151294.395    -3.694     0.49    2.21
 151669.411    -3.463     0.62    1.80
 152044.519    -3.769    -0.82    1.78
 152421.286    -4.256    -1.29    1.74
 152798.044    -4.051     0.54    1.79
 153174.792    -4.237    -0.49    1.87
 153551.533    -4.714    -1.27    1.90
 153928.264    -4.615     0.26    2.47
 154304.986    -4.300     0.84    2.50
 154681.700    -4.051     0.66    2.51
 155058.404    -4.350    -0.79    1.82
 155435.100    -4.357    -0.02    1.83
 155811.787    -4.368    -0.03    1.75
 156188.466    -4.850    -1.28    2.06
 156565.135    -5.100    -0.66    2.44
 156941.796    -5.366    -0.71    2.42
 157318.447    -4.875     1.30    2.78
 157695.090    -4.306     1.51    3.21
 158071.725    -3.757     1.46    3.30
 158448.350    -3.132     1.66    2.80
 158824.966    -2.700     1.15    2.79
 159201.574    -3.000    -0.80    2.96
 159578.173    -2.800     0.53    3.17
 159954.763    -3.205    -1.08    3.25
 160331.345    -3.605    -1.06    2.89
 160707.917    -3.650    -0.12    2.73
 161084.481    -3.610     0.11    2.14
 161461.036    -3.541     0.18    2.75
 161837.582    -4.350    -2.15    3.03
 162214.119    -4.553    -0.54    3.45
 162590.648    -4.600    -0.13    3.04
 162967.168    -4.308     0.78    2.56
 163343.679    -4.077     0.61    2.46
 163720.181    -4.122    -0.12    2.83
 164096.675    -4.474    -0.93    2.35
 164473.159    -4.600    -0.34    2.41
 164849.635    -4.703    -0.27    2.50
 165226.102    -4.293     1.09    2.21
 165602.561    -4.225     0.18    2.24
 165979.011    -3.842     1.02    1.64
 166355.451    -3.769     0.19    1.60
 166731.884    -3.725     0.12    1.43
 167108.307    -3.923    -0.53    1.55
 167484.722    -4.425    -1.33    2.02
 167861.127    -4.263     0.43    2.54
 168237.525    -4.378    -0.31    2.82
 168613.913    -4.694    -0.84    3.07
 168990.293    -4.250     1.18    3.26
 169366.663    -4.195     0.15    3.39
 169743.026    -4.150     0.12    3.25
 170119.379    -3.975     0.46    2.87
 170495.724    -4.237    -0.70    3.07
 170872.060    -3.929     0.82    3.26
 171248.387    -3.650     0.74    3.32
 171624.705    -3.410     0.64    3.23
 172001.015    -3.500    -0.24    2.73
 172377.316    -3.231     0.72    2.33
 172753.609    -3.119     0.30    1.38
 173129.892    -3.079     0.11    1.82
 173506.167    -3.103    -0.06    2.11
 173882.433    -2.872     0.61    2.12
 174258.691    -2.590     0.75    2.06
 174634.940    -2.463     0.34    1.95
 175011.180    -2.694    -0.61    1.95
 175387.411    -2.780    -0.23    1.78
 175763.634    -2.789    -0.02    1.97
 176139.848    -3.154    -0.97    2.28
 176516.053    -3.051     0.27    1.89
 176892.249    -2.649     1.07    2.07
 177268.437    -2.525     0.33    1.60
 177644.617    -2.718    -0.51    1.62
 178020.787    -2.947    -0.61    1.71
 178396.949    -4.829    -5.00    2.72
 178773.102    -5.324    -1.32    3.42
 179149.246    -4.585     1.96    3.67
 179525.382    -4.077     1.35    3.92
 179901.509    -3.077     2.66    3.06
 180277.628    -4.179    -2.93    2.44
 180653.738    -4.231    -0.14    2.48
 181029.839    -3.854     1.00    2.06
 181405.931    -3.895    -0.11    1.87
 181782.015    -4.625    -1.94    2.78
 182158.090    -5.564    -2.50    3.18
 182534.156    -6.585    -2.72    2.94
 182910.214    -6.780    -0.52    2.76
 183286.263    -6.868    -0.23    2.55
 183662.304    -6.250     1.64    2.37
 184038.336    -5.350     2.39    2.50
 184414.359    -4.675     1.79    2.53
 184790.374    -3.775     2.39    3.08
 185166.379    -3.270     1.34    3.21
 185542.377    -2.838     1.15    2.65
 185918.365    -3.000    -0.43    2.58
 186294.345    -3.300    -0.80    1.99
 186670.317    -3.780    -1.28    1.44
 187046.279    -4.125    -0.92    1.18
 187422.234    -4.125     0.00    1.20
 187798.179    -4.000     0.33    1.25
 188174.116    -3.756     0.65    1.76
 188550.044    -3.707     0.13    1.69
 188925.964    -3.897    -0.51    1.71
 189301.875    -4.100    -0.54    1.81
 189677.777    -4.590    -1.30    1.02
 190053.671    -4.333     0.68    1.32
 190429.556    -4.308     0.07    1.40
 190805.433    -4.128     0.48    1.44
 191181.301    -4.282    -0.41    1.41
 191557.160    -4.282     0.00    1.30
 191933.011    -4.024     0.69    1.42
 192308.853    -3.806     0.58    1.56
 192684.687    -3.415     1.04    1.50
 193060.512    -3.474    -0.16    1.59
 193436.328    -3.590    -0.31    1.73
 193812.136    -3.821    -0.61    1.70
 194187.935    -3.892    -0.19    2.00
 194563.726    -4.025    -0.35    1.85
 194939.508    -4.077    -0.14    1.42
 195315.281    -3.872     0.55    1.34
 195691.046    -3.732     0.37    1.25
 196066.802    -3.730     0.01    1.12
 196442.550    -3.659     0.19    1.26
 196818.289    -3.462     0.52    1.60
 197194.020    -3.564    -0.27    1.71
 197569.742    -3.641    -0.20    1.66
 197945.456    -3.667    -0.07    1.71
 198321.161    -4.000    -0.89    1.41
 198696.857    -4.000     0.00    1.38
 199072.545    -4.175    -0.47    1.36
 199448.224    -4.658    -1.29    1.74
 199823.895    -4.732    -0.20    2.12
 200199.557    -4.775    -0.12    2.21
 200575.211    -4.421     0.94    2.46
 200950.856    -4.231     0.51    2.21
 201326.492    -4.200     0.08    2.74
 201702.120    -4.615    -1.11    2.68
 202077.740    -4.575     0.11    2.75
 202453.351    -4.132     1.18    2.69
 202828.953    -4.842    -1.89    2.20
 203204.547    -4.556     0.76    1.73
 203580.132    -4.250     0.81    2.02
 203955.709    -4.268    -0.05    2.07
 204331.277    -4.000     0.71    1.97
 204706.837    -4.125    -0.33    1.92
 205082.388    -4.368    -0.65    1.44
 205457.931    -4.146     0.59    1.35
 205833.465    -4.282    -0.36    1.57
 206208.991    -3.700     1.55    1.94
 206584.508    -3.850    -0.40    2.07
 206960.017    -3.949    -0.26    2.03
 207335.517    -3.780     0.45    2.06
 207711.009    -4.237    -1.22    2.11
 208086.492    -4.590    -0.94    2.45
 208461.967    -5.400    -2.16    2.91
 208837.433    -6.500    -2.93    2.65
 209212.891    -6.650    -0.40    2.43
 209588.340    -6.583     0.18    2.50
 209963.781    -5.342     3.31    2.50
 210339.213    -3.946     3.72    1.90
 210714.637    -3.718     0.61    1.61
 211090.052    -3.872    -0.41    1.56
 211465.459    -4.700    -2.21    2.14
 211840.858    -5.410    -1.89    2.40
 212216.247    -6.000    -1.57    2.37
 212591.629    -6.300    -0.80    2.46
 212967.002    -6.073     0.60    2.63
 213342.366    -6.079    -0.02    2.61
 213717.722    -5.500     1.54    2.44
 214093.070    -4.763     1.96    1.91
 214468.409    -4.167     1.59    1.56
 214843.740    -4.103     0.17    1.79
 215219.062    -3.825     0.74    1.85
 215594.375    -4.513    -1.83    1.75
 215969.681    -4.308     0.55    1.87
 216344.978    -4.268     0.10    1.92
 216720.266    -4.405    -0.37    1.92
 217095.546    -4.341     0.17    1.84
 217470.817    -4.282     0.16    2.00
 217846.081    -4.077     0.55    1.87
 218221.335    -4.051     0.07    1.88
 218596.581    -3.842     0.56    1.84
 218971.819    -4.325    -1.29    1.89
 219347.048    -4.308     0.05    2.00
 219722.269    -4.154     0.41    1.86
 220097.482    -3.718     1.16    1.92
 220472.686    -3.973    -0.68    2.18
 220847.882    -3.902     0.19    2.10
 221223.069    -3.949    -0.12    1.99
 221598.248    -3.974    -0.07    1.86
 221973.418    -3.641     0.89    1.98
 222348.580    -4.000    -0.96    1.91
 222723.734    -4.325    -0.87    2.03
 223098.879    -4.342    -0.05    1.94
 223474.015    -4.650    -0.82    1.42
 223849.144    -4.763    -0.30    1.55
 224224.264    -4.780    -0.05    1.57
 224599.375    -4.975    -0.52    1.67
 224974.479    -4.921     0.14    1.89
 225349.573    -5.128    -0.55    2.12
 225724.660    -4.975     0.41    2.15
 226099.738    -4.923     0.14    2.18
 226474.807    -4.744     0.48    1.94
 226849.869    -4.513     0.62    1.76
 227225.448    -4.211     0.80    1.61
 227602.175    -3.583     1.66    1.34
 227978.893    -3.450     0.35    1.36
 228355.603    -3.341     0.29    1.37
 228732.305    -3.263     0.21    1.33
 229108.997    -3.750    -1.29    1.64
 229485.682    -3.684     0.17    1.44
 229862.358    -3.750    -0.17    1.37
 230239.025    -3.675     0.20    1.35
 230615.684    -3.462     0.57    1.29
 230992.335    -2.923     1.43    1.53
 231368.977    -2.744     0.48    1.41
 231745.611    -3.171    -1.13    2.20
 232122.237    -3.500    -0.87    2.71
 232498.853    -4.075    -1.53    2.81
 232875.462    -4.231    -0.41    2.90
 233252.062    -4.333    -0.27    2.89
 233628.654    -3.850     1.28    2.58
 234005.237    -3.806     0.12    2.71
 234381.812    -3.846    -0.11    2.93
 234758.378    -3.846     0.00    3.04
 235134.936    -3.711     0.36    3.29
 235511.486    -3.000     1.89    2.89
 235888.027    -2.083     2.43    1.75
 236264.560    -2.225    -0.38    1.61
 236641.084    -2.800    -1.53    1.45
 237017.600    -3.100    -0.80    1.55
 237394.108    -3.154    -0.14    1.79
 237770.607    -2.974     0.48    1.90
 238147.098    -2.220     2.00    2.68
 238523.580    -1.564     1.74    2.64
 238900.054    -1.100     1.23    2.42
 239276.520    -1.350    -0.66    1.72
 239652.977    -1.821    -1.25    1.23
 240029.426    -2.244    -1.12    1.37
 240405.867    -2.410    -0.44    1.46
 240782.299    -2.425    -0.04    1.52
 241158.722    -2.564    -0.37    1.47
 241535.138    -2.725    -0.43    1.41
 241911.545    -3.025    -0.80    1.87
 242287.943    -3.556    -1.41    2.20
 242664.334    -3.579    -0.06    2.37
 243040.716    -3.579     0.00    2.31
 243417.089    -3.289     0.77    2.48
 243793.454    -3.179     0.29    2.17
 244169.811    -3.105     0.20    1.81
 244546.160    -3.000     0.28    2.01
 244922.500    -3.154    -0.41    1.71
 245298.832    -2.737     1.11    1.16
 245675.155    -2.634     0.27    1.18
 246051.470    -2.684    -0.13    1.23
 246427.777    -2.878    -0.52    1.40
 246804.075    -3.000    -0.32    1.49
 247180.365    -3.350    -0.93    1.25
 247556.647    -3.282     0.18    1.19
 247932.921    -3.385    -0.27    1.48
 248309.186    -3.707    -0.86    1.69
 248685.442    -3.684     0.06    1.79
 249061.691    -3.950    -0.71    1.83
 249437.931    -3.895     0.15    1.74
 249814.163    -3.561     0.89    1.58
 250190.386    -3.125     1.16    1.51
 250566.601    -2.973     0.40    1.40
 250942.808    -2.821     0.41    1.30
 251319.007    -2.825    -0.01    1.28
 251695.197    -2.744     0.22    1.25
 252071.379    -2.525     0.58    1.20
 252447.552    -2.474     0.14    1.18
 252823.718    -2.324     0.40    1.03
 253199.875    -2.108     0.57    1.10
 253576.023    -2.125    -0.04    1.11
 253952.164    -2.098     0.07    1.28
 254328.296    -2.000     0.26    1.34
 254704.420    -2.125    -0.33    1.68
 255080.535    -2.474    -0.93    2.02
 255456.642    -2.707    -0.62    2.24
 255832.741    -3.125    -1.11    2.31
 256208.832    -3.053     0.19    2.60
 256584.914    -2.325     1.93    2.74
 256960.989    -2.744    -1.11    3.02
 257337.054    -2.537     0.55    2.92
 257713.112    -4.282    -4.64    3.12
 258089.161    -5.475    -3.17    3.20
 258465.202    -7.026    -4.12    2.85
 258841.235    -8.487    -3.89    1.57
 259217.260    -9.000    -1.36    0.00
 259593.276    -9.000     0.00    0.00
 259969.284    -9.000     0.00    0.00
 260345.283    -9.000     0.00    0.00
 260721.275    -9.000     0.00    0.00
 261097.258    -9.000     0.00    0.00
 261473.233    -9.000     0.00    0.00
 261849.200    -9.000     0.00    0.00
 262225.158    -9.000     0.00    0.00
 262601.109    -9.000     0.00    0.00
 262977.051    -9.000     0.00    0.00
 263352.984    -9.000     0.00    0.00
 263728.910    -9.000     0.00    0.00
 264104.827    -9.000     0.00    0.00
 264480.736    -9.000     0.00    0.00
 264856.637    -9.000     0.00    0.00
 265232.530    -9.000     0.00    0.00
 265608.414    -9.000     0.00    0.00
 265984.290    -9.000     0.00    0.00
 266360.158    -9.000     0.00    0.00
 266736.018    -9.000     0.00    0.00
 267111.869    -9.000     0.00    0.00
 267487.713    -9.000     0.00    0.00
 267863.548    -9.000     0.00    0.00
 268239.375    -9.000     0.00    0.00
 268615.193    -9.000     0.00    0.00
 268991.004    -9.000     0.00    0.00
 269366.806    -9.000     0.00    0.00
 269742.600    -9.000     0.00    0.00
 270118.386    -9.000     0.00    0.00
 270494.164    -9.000     0.00    0.00
 270869.933    -9.000     0.00    0.00
 271245.694    -9.000     0.00    0.00
 271621.447    -9.000     0.00    0.00
 271997.192    -9.000     0.00    0.00
 272372.929    -9.000     0.00    0.00
 272748.658    -9.000     0.00    0.00
 273124.378    -9.000     0.00    0.00
 273500.090    -9.000     0.00    0.00
 273875.794    -9.000     0.00    0.00
 274251.490    -9.000     0.00    0.00
 274627.178    -9.000     0.00    0.00
 275002.857    -9.000     0.00    0.00
 275378.529    -9.000     0.00    0.00
 275754.192    -9.000     0.00    0.00
 276129.847    -9.000     0.00    0.00
 276505.494    -9.000     0.00    0.00
 276881.132    -9.000     0.00    0.00
 277256.763    -9.000     0.00    0.00
 277632.385    -9.000     0.00    0.00
 278008.000    -9.000     0.00    0.00
 278383.606    -9.000     0.00    0.00
 278759.204    -9.000     0.00    0.00
 279134.793    -9.000     0.00    0.00
 279510.375    -9.000     0.00    0.00
 279885.949    -9.000     0.00    0.00
 280261.514    -9.000     0.00    0.00
 280637.071    -9.000     0.00    0.00
 281012.621    -9.000     0.00    0.00
 281388.162    -9.000     0.00    0.00
 281763.694    -9.000     0.00    0.00
 282139.219    -9.000     0.00    0.00
 282514.736    -9.000     0.00    0.00
 282890.244    -9.000     0.00    0.00
 283265.745    -9.000     0.00    0.00
 283641.237    -9.000     0.00    0.00
 284016.721    -9.000     0.00    0.00
 284392.197    -9.000     0.00    0.00
 284767.665    -9.000     0.00    0.00
 285143.125    -9.000     0.00    0.00
 285518.577    -9.000     0.00    0.00
 285894.021    -9.000     0.00    0.00
 286269.456    -9.000     0.00    0.00
 286644.884    -9.000     0.00    0.00
 287020.303    -9.000     0.00    0.00
 287395.714    -9.000     0.00    0.00
 287771.117    -9.000     0.00    0.00
 288146.513    -9.000     0.00    0.00
 288521.900    -9.000     0.00    0.00
 288897.278    -9.000     0.00    0.00
 289272.649    -9.000     0.00    0.00
 289648.012    -9.000     0.00    0.00
 290023.367    -9.000     0.00    0.00
 290398.713    -9.000     0.00    0.00
 290774.052    -9.000     0.00    0.00
 291149.382    -9.000     0.00    0.00
 291524.705    -9.000     0.00    0.00
 291900.019    -9.000     0.00    0.00
 292275.325    -9.000     0.00    0.00
 292650.624    -9.000     0.00    0.00
 293025.914    -9.000     0.00    0.00
 293401.196    -9.000     0.00    0.00
 293776.470    -9.000     0.00    0.00
 294151.736    -9.000     0.00    0.00
 294526.994    -9.000     0.00    0.00
 294902.244    -9.000     0.00    0.00
 295277.486    -9.000     0.00    0.00
 295652.720    -9.000     0.00    0.00
 296027.945    -9.000     0.00    0.00
 296403.163    -9.000     0.00    0.00
 296778.373    -9.000     0.00    0.00
 297153.574    -9.000     0.00    0.00
 297528.768    -9.000     0.00    0.00
 297903.954    -9.000     0.00    0.00
 298279.131    -9.000     0.00    0.00
 298654.301    -9.000     0.00    0.00
 299029.462    -9.000     0.00    0.00
 299404.616    -9.000     0.00    0.00
 299779.761    -9.000     0.00    0.00
 300154.899    -9.000     0.00    0.00
 300530.028    -9.000     0.00    0.00
 300905.150    -9.000     0.00    0.00
 301280.263    -9.000     0.00    0.00
 301655.369    -9.000     0.00    0.00
 302030.466    -9.000     0.00    0.00
 302406.477    -9.000     0.00    0.00
 302783.167    -9.000     0.00    0.00
 303159.850    -9.000     0.00    0.00
 303536.524    -9.000     0.00    0.00
 303913.190    -9.000     0.00    0.00
 304289.849    -9.000     0.00    0.00
 304666.499    -9.000     0.00    0.00
 305043.141    -9.000     0.00    0.00
 305419.775    -9.000     0.00    0.00
 305796.401    -9.000     0.00    0.00
 306173.019    -9.000     0.00    0.00
 306549.629    -9.000     0.00    0.00
 306926.231    -9.000     0.00    0.00
 307302.824    -9.000     0.00    0.00
 307679.410    -9.000     0.00    0.00
 308055.988    -9.000     0.00    0.00
 308432.557    -9.000     0.00    0.00
 308809.119    -9.000     0.00    0.00
 309185.673    -9.000     0.00    0.00
 309562.218    -9.000     0.00    0.00
 309938.756    -9.000     0.00    0.00
 310315.285    -9.000     0.00    0.00
 310691.807    -9.000     0.00    0.00
 311068.320    -9.000     0.00    0.00
 311444.826    -9.000     0.00    0.00
 311821.323    -9.000     0.00    0.00
 312197.813    -9.000     0.00    0.00
 312574.294    -9.000     0.00    0.00
 312950.767    -9.000     0.00    0.00
 313327.233    -9.000     0.00    0.00
 313703.690    -9.000     0.00    0.00
 314080.140    -9.000     0.00    0.00
 314456.581    -9.000     0.00    0.00
 314833.014    -9.000     0.00    0.00
 315209.440    -9.000     0.00    0.00
 315585.857    -9.000     0.00    0.00
 315962.266    -9.000     0.00    0.00
 316338.668    -9.000     0.00    0.00
 316715.061    -9.000     0.00    0.00
 317091.447    -9.000     0.00    0.00
 317467.824    -9.000     0.00    0.00
 317844.194    -9.000     0.00    0.00
 318220.555    -9.000     0.00    0.00
 318596.909    -9.000     0.00    0.00
 318973.254    -9.000     0.00    0.00
 319349.592    -9.000     0.00    0.00
 319725.921    -9.000     0.00    0.00
 320102.243    -9.000     0.00    0.00
 320478.556    -9.000     0.00    0.00
 320854.862    -9.000     0.00    0.00
 321231.160    -9.000     0.00    0.00
 321607.450    -9.000     0.00    0.00
 321983.731    -9.000     0.00    0.00
 322360.005    -9.000     0.00    0.00
 322736.271    -9.000     0.00    0.00
 323112.529    -9.000     0.00    0.00
 323488.779    -9.000     0.00    0.00
 323865.021    -9.000     0.00    0.00
 324241.255    -9.000     0.00    0.00
 324617.481    -9.000     0.00    0.00
 324993.700    -9.000     0.00    0.00
 325369.910    -9.000     0.00    0.00
 325746.112    -9.000     0.00    0.00
 326122.307    -9.000     0.00    0.00
 326498.493    -9.000     0.00    0.00
 326874.672    -9.000     0.00    0.00
 327250.843    -9.000     0.00    0.00
 327627.005    -9.000     0.00    0.00
 328003.160    -9.000     0.00    0.00
 328379.307    -9.000     0.00    0.00
 328755.446    -9.000     0.00    0.00
 329131.577    -9.000     0.00    0.00
 329507.700    -9.000     0.00    0.00
 329883.815    -9.000     0.00    0.00
 330259.923    -9.000     0.00    0.00
 330636.022    -9.000     0.00    0.00
 331012.114    -9.000     0.00    0.00
 331388.197    -9.000     0.00    0.00
 331764.273    -9.000     0.00    0.00
 332140.341    -9.000     0.00    0.00
 332516.401    -9.000     0.00    0.00
 332892.453    -9.000     0.00    0.00
 333268.497    -9.000     0.00    0.00
 333644.533    -9.000     0.00    0.00
 334020.562    -9.000     0.00    0.00
 334396.582    -9.000     0.00    0.00
 334772.595    -9.000     0.00    0.00
 335148.599    -9.000     0.00    0.00
 335524.596    -9.000     0.00    0.00
 335900.585    -9.000     0.00    0.00
 336276.566    -9.000     0.00    0.00
 336652.540    -9.000     0.00    0.00
 337028.505    -9.000     0.00    0.00
 337404.463    -9.000     0.00    0.00
 337780.412    -9.000     0.00    0.00
 338156.354    -9.000     0.00    0.00
 338532.288    -9.000     0.00    0.00
 338908.214    -9.000     0.00    0.00
 339284.132    -9.000     0.00    0.00
 339660.043    -9.000     0.00    0.00
 340035.945    -9.000     0.00    0.00
 340411.840    -9.000     0.00    0.00
 340787.727    -9.000     0.00    0.00
 341163.606    -9.000     0.00    0.00
 341539.477    -9.000     0.00    0.00
 341915.340    -9.000     0.00    0.00
 342291.196    -9.000     0.00    0.00
