# NaN NaN NaN ;Mean Elev.(m), Avg Gradient(m/km), RMS Gradient(m/km) - SRTM1     
#   -9.564  -4.017  12.663 ;Mean Elev.(m), Avg Gradient(m/km), RMS Gradient(m/km) - ASTER GDEM
#   28.403  -3.745   8.666 ;Mean Elev.(m), Avg Gradient(m/km), RMS Gradient(m/km) - GMTED2010 
  8  95.141877  19.719447    37.329    37.329  2 52481.16098517 22.069
  9  95.147339  19.712333    40.582    40.551  3 52516.16093807 36.983
 10  95.142832  19.717224    36.170    36.170  2 52551.16098494 29.150
 11  95.150942  19.706744    30.521    30.527  3 52586.16095936 28.999
 12  95.142747  19.717400    28.447    28.447  2 52621.16093626 31.432
 15  95.146954  19.713449    26.903    26.903  2 52726.16096685 42.475
 16  95.137395  19.733068    30.437    30.238  5 52761.16097951 20.027
 17  95.151736  19.707126    32.750    29.656  3 52796.16094243 24.993
 18  95.152841  19.705918    38.514    38.311  3 52831.16100941 18.001
 19  95.153495  19.705700    36.727    37.155  3 52866.16105316 19.112
 20  95.143963  19.716729    39.015    38.205  3 52901.16107953 23.986
 21  95.142254  19.718026    33.368    33.368  2 52936.16102058 30.814
 22  95.145403  19.714636    28.719    28.719  2 52971.16104519 31.350
 23  95.140560  19.720062    27.768    27.768  2 53006.16105806 31.339
 24  95.144911  19.714128    27.216    27.212  3 53041.16101085 46.804
 25  95.141997  19.719322    27.285    27.285  2 53076.16104285 47.741
 26  95.142409  19.717856    31.062    31.186  3 53111.16101296 13.574
 28  95.148861  19.710584    34.900    34.252  3 53181.16106463 16.020
 29  95.144301  19.716509    41.429    41.483  3 53216.16108652 34.177
 30  95.141456  19.720834    38.639    38.537  3 53251.16106437 24.139
 31  95.142702  19.719345    37.646    38.345  3 53286.16105751 25.709
 32  95.152682  19.705539    31.077    31.245  3 53321.16103621 31.217
 33  95.149099  19.709230    30.844    30.844  2 53356.16100506 24.180
 34  95.146424  19.714705    28.165    28.137  3 53391.16101664 44.821
 35  95.148685  19.711172    28.597    28.597  2 53426.16101387 38.466
 36  95.150889  19.709590    35.996    36.007  3 53461.16102453 19.472
 37  95.140200  19.721592    32.695    32.695  2 53496.16110184 11.246
 38  95.149264  19.710856    30.822    30.822  2 53531.16108135 22.268
 39  95.140011  19.720945    33.757    33.799  3 53566.16110582 19.970
 40  95.146222  19.714335    37.651    37.620  3 53601.16105030 19.369
 41  95.144282  19.717411    34.150    34.150  2 53636.16104694 25.033
 42  95.141904  19.720715    31.615    31.615  2 53671.16106765 26.475
 43  95.150115  19.709483    29.733    29.173  3 53706.16100177 23.417
 44  95.146304  19.713184    30.045    30.123  3 53741.16091437 22.017
 46  95.145925  19.713854    26.840    26.866  3 53811.16091668 20.208
 47  95.144362  19.714816    32.218    32.334  3 53846.16096443 13.245
 48  95.149978  19.710157    33.237    33.460  3 53881.16098938 18.963
 49  95.140097  19.722197    33.322    33.322  2 53916.16104649 18.245
 50  95.137783  19.721560    37.659    37.659  2 53951.16105401 33.929
 52  95.147535  19.711520    36.292    36.292  2 54021.16103201 45.429
 53  95.152289  19.706058    30.449    29.615  3 54056.16102489 27.304
 54  95.145065  19.713687    27.895    27.913  3 54091.16100897 22.815
 55  95.148492  19.710966    27.572    27.572  2 54126.16093968 46.565
 56  95.144678  19.715344    27.334    27.370  3 54161.16097656 40.559
 57  95.147557  19.712824    28.646    27.208  3 54196.16094150 17.631
 58  95.146526  19.713426    32.397    30.144  3 54231.16098912 21.502
 59  95.146966  19.713662    42.725    37.272  3 54266.16100659 19.358
 60  95.147143  19.713910    36.232    36.234  3 54301.16101162 18.432
 62  95.147957  19.711736    37.625    37.625  2 54371.16094417 25.664
 63  95.144724  19.713612    33.721    33.750  3 54406.16094452 31.749
 64  95.148957  19.710817    35.130    36.477  3 54441.16090266 17.807
 65  95.147604  19.713961    28.319    28.319  2 54476.16093207 40.797
 66  95.148164  19.711085    27.993    27.993  2 54511.16091868 41.113
 67  95.145837  19.714408    27.766    27.493  3 54546.16094609 47.643
 68  95.148017  19.713519    28.295    28.295  2 54581.16091331 19.912
 69  95.147269  19.713537    41.933    41.933  2 54616.16093524 12.518
 70  95.144957  19.715857    40.182    41.695  3 54651.16094784 18.459
 71  95.145274  19.716002    38.280    38.280  3 54686.16094015 35.405
 72  95.148890  19.711901    38.441    38.441  2 54721.16089347 34.260
 73  95.145724  19.715442    33.778    33.826  3 54756.16091553 35.473
 74  95.147069  19.714084    30.033    30.048  3 54791.16088690 39.109
 75  95.146987  19.713638    28.446    28.489  3 54826.16091215 23.805
 76  95.148040  19.710842    27.853    27.853  2 54861.16088106 30.850
 77  95.144582  19.716860    26.852    26.806  3 54896.16091278 28.184
 78  95.146146  19.713336    27.448    27.448  2 54931.16087751 22.772
 79  95.145901  19.714587    27.151    27.180  3 54966.16091310 37.677
 80  95.143975  19.717925    40.952    39.717  3 55001.16093301 23.193
 81  95.147127  19.712890    46.099    46.099  2 55036.16091941 16.021
 82  95.145070  19.715605    37.722    37.728  3 55071.16090751 44.596
 83  95.146632  19.713097    36.363    36.363  3 55106.16085178 48.468
 84  95.145141  19.715524    29.887    29.876  3 55141.16085766 34.978
 87  95.146965  19.713292    26.303    26.303  2 55246.16082522 49.348
 88  95.145016  19.716532    26.538    26.561  3 55281.16084541 32.643
 89  95.145110  19.713800    30.341    30.352  3 55316.16081273 51.549
 90  95.145144  19.713452    31.966    31.433  3 55351.16081802 19.131
 91  95.146486  19.714864    37.540    37.544  3 55386.16081228 24.183
 93  95.145418  19.716096    36.651    36.651  2 55456.16081113 20.391
