# NaN NaN NaN ;Mean Elev.(m), Avg Gradient(m/km), RMS Gradient(m/km) - SRTM1     
#   43.568 -17.856  17.381 ;Mean Elev.(m), Avg Gradient(m/km), RMS Gradient(m/km) - ASTER GDEM
#   55.121 -18.095  17.653 ;Mean Elev.(m), Avg Gradient(m/km), RMS Gradient(m/km) - GMTED2010 
  8    64.176 52496.64307596 17.46  95.166571  21.352534  8.781
  8    65.799 52496.64307661 17.61  95.165771  21.355834  8.781
  8    66.091 52496.64307725 18.45  95.164971  21.359124  8.781
 11    57.660 52601.64309226 25.18  95.161872  21.339491 10.221
 11    55.228 52601.64309291 37.68  95.161072  21.342791 10.221
 11    61.984 52601.64309355 27.13  95.160272  21.346081 10.221
 12    57.964 52636.64305758 32.37  95.161102  21.339654  8.897
 12    55.068 52636.64305823 31.40  95.160295  21.342955 16.724
 12    56.527 52636.64305887 29.09  95.159495  21.346245 16.724
 12    55.544 52636.64305952 40.94  95.158695  21.349545 16.724
 13    54.839 52671.64306431 32.91  95.162101  21.349921 13.224
 13    55.054 52671.64306495 41.42  95.161301  21.353221 13.224
 14    55.293 52706.64306312 25.41  95.163125  21.348891 19.208
 14    53.212 52706.64306377 44.66  95.162325  21.352191 19.208
 14    57.304 52706.64306441 49.38  95.161525  21.355491 19.208
 16    64.739 52776.64303967 13.71  95.167801  21.355146  4.484
 16    54.495 52776.64304031 22.90  95.167001  21.358446  4.484
 16    61.399 52776.64304096 27.13  95.166201  21.361746  4.484
 18    61.686 52846.64317028 15.93  95.161970  21.342238 13.161
 18    63.785 52846.64317092 18.60  95.161170  21.345528 13.161
 18    65.148 52846.64317157 18.68  95.160370  21.348828 13.161
 18    66.269 52846.64317221 20.64  95.159570  21.352128 13.161
 19    60.216 52881.64320704 24.45  95.162012  21.342023 11.206
 19    61.142 52881.64320768 22.60  95.161210  21.345325 11.218
 19    61.524 52881.64320833 22.49  95.160410  21.348625 11.218
 19    67.291 52881.64320897 20.49  95.159610  21.351915 11.218
 20    78.637 52916.64316656 17.22  95.165637  21.355496  9.379
 20    77.678 52916.64316720 19.50  95.164837  21.358796  9.379
 21    57.526 52951.64312681 35.88  95.164766  21.352249  8.192
 21    58.032 52951.64312745 38.03  95.163966  21.355549  8.192
 21    56.909 52951.64312810 34.30  95.163166  21.358839  8.192
 23    54.363 53021.64313414 34.02  95.166599  21.355940 17.344
 23    54.843 53021.64313478 43.15  95.165799  21.359230 17.344
 23    54.890 53021.64313543 37.85  95.164999  21.362530 17.344
 24    55.667 53056.64312407 42.69  95.167342  21.353102 12.323
 24    55.130 53056.64312472 31.84  95.166542  21.356402 12.323
 24    53.765 53056.64312536 40.09  95.165744  21.359704 14.064
 25    50.093 53091.64315952 36.51  95.159322  21.340723 13.403
 25    54.869 53091.64316017 23.91  95.158512  21.344023 13.403
 25    53.308 53091.64316081 30.39  95.157712  21.347323 13.403
 25    53.520 53091.64316146 26.53  95.156912  21.350623 13.403
 26    57.099 53126.64313195 35.80  95.164233  21.349665 12.741
 26    55.438 53126.64313260 43.12  95.163433  21.352965 12.741
 26    54.936 53126.64313324 40.77  95.162634  21.356265 12.353
 27    87.106 53161.64319400  5.00  95.157966  21.344041  1.768
 27    75.727 53161.64319464 12.67  95.157162  21.347344  7.995
 27    74.859 53161.64319528 14.35  95.156362  21.350634  7.995
 28    61.834 53196.64319367 37.15  95.164286  21.351508 12.792
 28    61.058 53196.64319432 34.22  95.163486  21.354808 12.792
 31    67.744 53301.64319360 39.55  95.155984  21.335689 25.909
 31    65.909 53301.64319424 39.97  95.155184  21.338989 25.909
 31    61.189 53301.64319553 38.16  95.153584  21.345579 25.909
 32    57.032 53336.64316638 27.47  95.163059  21.349719 10.884
 32    57.167 53336.64316702 35.41  95.162257  21.353022 11.364
 33    58.495 53371.64310370 38.63  95.166469  21.355592 17.301
 33    54.902 53371.64310435 39.84  95.165674  21.358896 14.286
 33    53.489 53371.64310499 42.78  95.164874  21.362186 14.286
 34    56.107 53406.64313950 41.70  95.163394  21.352065 18.584
 34    54.620 53406.64314015 40.75  95.162594  21.355355 18.584
 35    58.160 53441.64312517 41.46  95.165511  21.351266 13.601
 35    59.217 53441.64312581 41.03  95.164715  21.354569 11.706
 35    54.897 53441.64312646 43.21  95.163915  21.357859 11.706
 36    58.594 53476.64319189 38.97  95.158978  21.340428 11.716
 36    60.521 53476.64319253 42.50  95.158173  21.343729 21.387
 36    54.768 53476.64319318 42.44  95.157373  21.347019 21.387
 36    54.329 53476.64319382 40.40  95.156573  21.350319 21.387
 37    56.527 53511.64320740 43.78  95.162013  21.350999 17.927
 37    52.867 53511.64320804 45.03  95.161213  21.354299 17.927
 38    59.493 53546.64322249 11.65  95.161494  21.339265  8.609
 38    61.066 53546.64322313 12.27  95.160694  21.342555  8.609
 38    62.645 53546.64322378 12.06  95.159894  21.345859  5.449
 38    69.127 53546.64322442 11.06  95.159094  21.349149  5.449
 39    67.022 53581.64319611 14.06  95.163781  21.350355 13.882
 39    68.641 53581.64319676 13.46  95.162981  21.353645 13.882
 39    69.121 53581.64319740 15.79  95.162181  21.356948  8.075
 40    64.744 53616.64315142 39.71  95.162381  21.350386 10.595
 40    63.851 53616.64315206 41.50  95.161586  21.353690  3.826
 41    79.824 53651.64316688 11.57  95.162729  21.350187  5.059
 41    78.970 53651.64316753 15.27  95.161929  21.353477  5.059
 42    58.082 53686.64317056 39.05  95.160917  21.341985 17.473
 42    58.318 53686.64317121 40.87  95.160117  21.345285 17.473
 42    55.939 53686.64317185 43.48  95.159317  21.348585 17.473
 42    56.739 53686.64317250 38.07  95.158517  21.351875 17.473
 43    75.228 53721.64309842 13.52  95.167318  21.354038 16.068
 43    54.804 53721.64309970 34.82  95.165722  21.360631  5.928
 44    55.180 53756.64302906 44.21  95.167594  21.354905 16.340
 44    57.620 53756.64302971 40.05  95.166794  21.358205 16.340
 44    53.535 53756.64303035 41.17  95.165994  21.361505 16.340
 45    54.493 53791.64305479 32.58  95.167082  21.353321 14.681
 45    52.698 53791.64305544 35.02  95.166282  21.356611 14.681
 45    54.330 53791.64305608 30.85  95.165482  21.359911 14.681
 46    55.851 53826.64301712 42.08  95.165143  21.350753 14.739
 46    55.441 53826.64301777 37.79  95.164343  21.354053 14.739
 46    53.228 53826.64301841 43.23  95.163540  21.357355 16.956
 47    56.449 53861.64310460 33.53  95.160683  21.341138 17.741
 47    52.618 53861.64310524 38.92  95.159873  21.344438 17.741
 47    54.271 53861.64310589 37.20  95.159073  21.347728 17.741
 47    56.056 53861.64310653 40.89  95.158273  21.351028 17.741
 48    61.773 53896.64312680 12.72  95.163394  21.349982  6.882
 48    65.703 53896.64312745 12.83  95.162594  21.353282  6.882
 49    61.286 53931.64317463 15.41  95.156671  21.335790 10.860
 49    62.581 53931.64317527 12.80  95.155871  21.339090 10.860
 49    66.392 53931.64317592 12.34  95.155061  21.342390 10.860
 49    67.773 53931.64317656 11.93  95.154261  21.345680 10.860
 51    63.916 54001.64311502 13.94  95.162582  21.350205  3.768
 51    61.662 54001.64311566 22.12  95.161782  21.353505  3.768
 52    57.198 54036.64315508 37.53  95.164364  21.352459  8.915
 52    58.012 54036.64315572 37.44  95.163564  21.355759  8.915
 53    55.220 54071.64314883 41.46  95.164585  21.351304 18.237
 53    57.479 54071.64314948 36.86  95.163775  21.354594 18.237
 53    56.142 54071.64315012 38.11  95.162975  21.357894 18.237
 54    54.520 54106.64310006 39.40  95.164586  21.351359 17.531
 54    55.373 54106.64310071 38.36  95.163786  21.354659 17.531
 54    53.785 54106.64310135 40.31  95.162986  21.357949 17.531
 55    55.715 54141.64308293 33.47  95.161453  21.350290 15.955
 55    55.232 54141.64308358 35.72  95.160653  21.353590 15.955
 56    54.658 54176.64308131 40.78  95.164059  21.349487 17.293
 56    54.840 54176.64308196 34.08  95.163259  21.352787 17.293
 56    55.387 54176.64308260 34.07  95.162459  21.356087 17.293
 57    56.802 54211.64308824 15.50  95.162597  21.342788 13.819
 57    52.783 54211.64308953 27.59  95.160997  21.349388 13.819
 57    66.781 54211.64309017 16.75  95.160197  21.352678 13.819
 60    64.579 54316.64312807 17.45  95.165222  21.350786 12.676
 60    66.018 54316.64312871 17.71  95.164422  21.354086 12.676
 60    65.655 54316.64312936 19.41  95.163622  21.357386 12.676
 61    62.824 54351.64309538 25.04  95.164508  21.353061 14.900
 61    63.059 54351.64309602 24.69  95.163708  21.356361 14.900
 62    59.491 54386.64306751 39.57  95.163317  21.351695 13.325
 62    60.539 54386.64306815 39.24  95.162517  21.354995 13.325
 63    58.407 54421.64304476 41.17  95.163542  21.352093 14.793
 63    58.367 54421.64304541 40.88  95.162742  21.355393 14.793
 64    54.361 54456.64304032 43.35  95.162085  21.350221 22.782
 64    53.459 54456.64304097 45.52  95.161285  21.353521 22.782
 65    53.752 54491.64304624 30.07  95.165113  21.350323 13.840
 65    54.129 54491.64304689 37.55  95.164313  21.353623 13.840
 65    54.706 54491.64304753 35.71  95.163513  21.356923 13.840
 66    57.544 54526.64305309 31.77  95.163992  21.350934 16.935
 66    55.497 54526.64305374 34.85  95.163192  21.354234 16.935
 67    51.810 54561.64305467 41.74  95.164316  21.350316 15.598
 67    54.952 54561.64305531 35.51  95.163516  21.353606 15.598
 67    55.440 54561.64305596 29.75  95.162716  21.356906 15.598
 69    61.477 54631.64306241 15.27  95.162220  21.349021 10.045
 69    60.330 54631.64306306 16.49  95.161420  21.352321 10.045
 70    64.313 54666.64306826 17.37  95.161934  21.348413  9.612
 70    66.435 54666.64306890 18.73  95.161134  21.351713  9.612
 71    63.991 54701.64303729 30.12  95.165426  21.354009  5.862
 71    64.301 54701.64303793 28.82  95.164626  21.357299  5.862
 72    62.358 54736.64302884 14.95  95.161605  21.349992  9.893
 72    62.669 54736.64302949 22.17  95.160805  21.353292  9.893
 74    57.568 54806.64302044 33.07  95.162661  21.341135 18.063
 74    56.090 54806.64302109 41.15  95.161861  21.344435 18.063
 74    56.932 54806.64302173 38.50  95.161061  21.347725 18.063
 74    55.224 54806.64302238 43.69  95.160261  21.351025 18.063
 75    55.876 54841.64301348 30.81  95.163760  21.351002 18.725
 75    53.754 54841.64301412 43.32  95.162960  21.354302 18.725
 76    53.518 54876.64302388 42.02  95.161341  21.350372 18.926
 76    52.115 54876.64302453 44.89  95.160541  21.353672 18.926
 77    54.736 54911.64301819 34.79  95.163127  21.351144 20.131
 77    52.667 54911.64301884 43.63  95.162327  21.354444 20.131
 78    55.832 54946.64301502 32.92  95.162507  21.341070 15.854
 78    55.329 54946.64301567 41.55  95.161707  21.344360 15.854
 78    57.608 54946.64301631 38.83  95.160907  21.347660 15.854
 78    57.252 54946.64301696 43.17  95.160107  21.350960 15.854
 79    75.684 54981.64304267  5.03  95.161874  21.349390  4.068
 79    67.727 54981.64304331 13.10  95.161074  21.352680  4.068
 81    58.597 55051.64303835 21.64  95.163808  21.352608  9.450
 81    65.061 55051.64303899 21.39  95.163008  21.355908  9.450
 83    61.140 55121.64297197 42.04  95.163443  21.349912 13.784
 83    61.553 55121.64297261 40.57  95.162643  21.353212 13.784
 84    57.395 55156.64296251 37.63  95.162916  21.351459 19.619
 84    56.943 55156.64296316 40.65  95.162116  21.354759 19.619
 85    55.786 55191.64296037 29.68  95.162701  21.342615 17.031
 85    55.101 55191.64296166 39.99  95.161101  21.349205 17.031
 85    57.108 55191.64296231 43.02  95.160301  21.352505 17.031
 86    54.812 55226.64296340 29.93  95.163166  21.351259 18.086
 86    51.706 55226.64296405 46.17  95.162366  21.354559 18.086
 88    56.227 55296.64294851 24.19  95.164445  21.351863 12.576
 88    66.678 55296.64294915 18.36  95.163645  21.355163 12.576
 89    54.623 55331.64293760 35.39  95.161856  21.348397 18.007
 89    55.159 55331.64293825 34.70  95.161056  21.351697 18.007
 91    67.162 55401.64294393 17.01  95.161586  21.350758  2.585
 91    66.366 55401.64294457 18.93  95.160786  21.354058  2.585
 92    63.265 55436.64294848 34.80  95.164614  21.353630 15.913
 92    62.777 55436.64294913 36.72  95.163813  21.356933 10.874
 93    60.919 55471.64289911 43.76  95.165460  21.353002 15.092
 93    60.319 55471.64289976 42.93  95.164664  21.356306 13.744
 93    62.183 55471.64290040 42.79  95.163864  21.359596 13.744
