# NaN NaN NaN ;Mean Elev.(m), Avg Gradient(m/km), RMS Gradient(m/km) - SRTM1     
#   64.487  -0.841  28.849 ;Mean Elev.(m), Avg Gradient(m/km), RMS Gradient(m/km) - ASTER GDEM
#   83.750  -0.502  28.212 ;Mean Elev.(m), Avg Gradient(m/km), RMS Gradient(m/km) - GMTED2010 
  7  96.091375  23.634440    84.476    84.477  4 52446.16022856 18.161
  8  96.098747  23.642971    86.597    86.633  4 52481.16021800 23.482
  9  96.106711  23.647435    84.605    84.627  4 52516.16016865 33.810
 10  96.101010  23.643948    85.399    85.388  4 52551.16021713 42.267
 11  96.112186  23.648331    81.648    81.677  4 52586.16018865 43.093
 12  96.100129  23.644237    80.496    80.532  4 52621.16016845 48.811
 15  96.106354  23.646730    80.308    80.310  4 52726.16019775 42.786
 16  96.088356  23.633598    80.686    80.698  3 52761.16021685 46.665
 17  96.113086  23.647067    82.343    82.413  5 52796.16017204 22.091
 18  96.114609  23.647469    86.882    86.894  4 52831.16023870 30.805
 19  96.115399  23.648957    85.010    85.062  5 52866.16028213 19.014
 20  96.101944  23.645213    84.301    84.295  4 52901.16031140 47.751
 21  96.099120  23.643245    82.908    82.908  3 52936.16025309 46.724
 22  96.104149  23.644646    81.041    81.044  4 52971.16027673 39.616
 23  96.097066  23.641951    80.614    80.662  3 53006.16029122 33.156
 24  96.104358  23.645741    79.993    80.040  4 53041.16024207 26.762
 25  96.098791  23.642789    80.022    80.016  4 53076.16027568 33.232
 26  96.100230  23.642970    81.522    81.654  4 53111.16024548 48.756
 27  96.102100  23.645733    83.957    83.951  4 53146.16028752 43.620
 28  96.109013  23.647249    85.500    85.358  5 53181.16029489 23.486
 29  96.102442  23.644932    87.481    87.486  4 53216.16031839 21.350
 30  96.097182  23.641103    85.706    85.649  3 53251.16029785 30.374
 31  96.100476  23.644410    85.239    85.197  4 53286.16029002 27.661
 32  96.114499  23.648788    82.281    82.294  5 53321.16026518 46.390
 33  96.109282  23.647587    80.987    80.955  5 53356.16023500 47.016
 34  96.105802  23.646353    80.285    80.224  4 53391.16024786 39.658
 35  96.108644  23.647854    81.857    81.845  4 53426.16024413 49.990
 36  96.111828  23.647858    82.897    82.916  4 53461.16025446 43.857
 37  96.096066  23.640199    81.050    81.051  3 53496.16033564 49.057
 38  96.109307  23.647544    80.954    80.958  4 53531.16031161 19.212
 39  96.095559  23.639468    85.837    85.837  2 53566.16033962 47.619
 40  96.104856  23.646134    85.700    85.723  4 53601.16028153 23.731
 41  96.102397  23.644133    83.221    83.371  4 53636.16027914 19.223
 42  96.098520  23.642512    83.860    83.850  3 53671.16030081 47.492
 43  96.110372  23.647848    81.058    81.094  4 53706.16023170 38.777
 44  96.104522  23.645016    80.479    80.422  4 53741.16014559 51.585
 46  96.104340  23.645720    80.877    80.840  4 53811.16014790 52.217
 47  96.103635  23.646514    81.176    81.171  4 53846.16019565 47.032
 48  96.110711  23.648491    81.054    81.025  4 53881.16021932 49.578
 49  96.095455  23.639159    84.374    84.374  2 53916.16028061 22.876
 50  96.092194  23.635172    84.235    84.227  4 53951.16028877 28.616
 52  96.108024  23.648135    84.125    84.131  4 54021.16026226 42.062
 53  96.113701  23.647620    81.403    81.419  4 54056.16025418 49.950
 54  96.103691  23.645519    80.703    80.718  4 54091.16024019 51.638
 55  96.109135  23.647618    80.243    80.216  4 54126.16016993 38.913
 56  96.102759  23.643733    80.507    80.492  4 54161.16020843 47.768
 57  96.107675  23.647824    80.570    80.575  4 54196.16017208 48.915
 58  96.105999  23.646901    82.061    81.201  5 54231.16022002 24.353
 59  96.106361  23.647004    85.404    85.406  5 54266.16023750 44.468
 60  96.106486  23.647264    85.788    85.801  5 54301.16024252 22.046
 61  96.104665  23.646538    86.064    86.148  4 54336.16023058 25.401
 62  96.108396  23.648365    84.410    84.149  4 54371.16017443 18.471
 63  96.103564  23.645361    83.005    83.042  4 54406.16017574 34.506
 64  96.109680  23.647429    81.607    81.567  5 54441.16013291 42.625
 65  96.107019  23.647314    80.917    80.971  4 54476.16016296 37.350
 66  96.108745  23.647667    81.810    81.821  4 54511.16014894 46.449
 67  96.104681  23.646203    81.114    81.109  4 54546.16017731 29.517
 68  96.107466  23.646952    81.076    81.103  4 54581.16014422 22.799
 69  96.106606  23.646847    82.322    82.330  4 54616.16016614 16.583
 70  96.103145  23.644279    85.646    85.663  4 54651.16017971 22.691
 71  96.103207  23.644523    85.746    85.787  4 54686.16017202 28.988
 72  96.109498  23.648475    86.508    86.518  4 54721.16012373 35.539
 73  96.104645  23.647064    83.811    83.775  4 54756.16014675 43.331
 74  96.106889  23.647413    81.869    81.869  5 54791.16011780 46.651
 75  96.106477  23.647022    80.970    80.965  5 54826.16014305 48.031
 76  96.108560  23.647361    80.611    80.592  4 54861.16011132 45.643
 77  96.102605  23.645283    80.601    80.613  4 54896.16014465 26.159
 78  96.105831  23.646808    81.169    81.179  4 54931.16010841 41.162
 79  96.104868  23.646331    80.774    80.770  4 54966.16014433 34.687
 80  96.101723  23.644642    83.075    83.014  3 55001.16016521 15.754
 81  96.106529  23.646327    84.339    84.201  4 55036.16015031 17.372
 82  96.102941  23.644100    86.893    86.901  4 55071.16013937 37.011
 83  96.106763  23.647967    83.559    83.538  4 55106.16008236 35.159
 84  96.103197  23.643953    81.613    81.606  4 55141.16008952 43.732
 85  96.109788  23.648579    80.973    80.985  4 55176.16005066 31.857
 87  96.106591  23.646574    80.378    80.463  4 55246.16005612 30.459
 88  96.103031  23.645100    80.438    80.430  4 55281.16007728 35.284
 89  96.104088  23.645579    83.571    83.566  4 55316.16004396 29.944
 90  96.103926  23.645129    83.184    83.215  4 55351.16004925 37.631
 91  96.105794  23.646559    86.472    86.370  4 55386.16004351 19.400
 92  96.106057  23.646306    85.131    85.083  4 55421.16006692 22.119
 93  96.103664  23.646178    85.489    85.494  4 55456.16004268 42.146
