# NaN NaN NaN ;Mean Elev.(m), Avg Gradient(m/km), RMS Gradient(m/km) - SRTM1     
#   43.568 -17.856  17.381 ;Mean Elev.(m), Avg Gradient(m/km), RMS Gradient(m/km) - ASTER GDEM
#   55.121 -18.095  17.653 ;Mean Elev.(m), Avg Gradient(m/km), RMS Gradient(m/km) - GMTED2010 
  8  95.165771  21.355831    65.356    65.799  3 52496.64307661 17.862
 11  95.161072  21.342788    58.291    57.660  3 52601.64309291 33.494
 12  95.159897  21.344600    56.276    56.036  4 52636.64305855 36.110
 13  95.161701  21.351571    54.946    54.946  2 52671.64306463 38.982
 14  95.162325  21.352191    55.270    55.293  3 52706.64306377 45.884
 16  95.167001  21.358446    60.211    61.399  3 52776.64304031 23.891
 18  95.160770  21.347181    64.222    64.467  4 52846.64317124 18.769
 19  95.160810  21.346972    62.544    61.333  4 52881.64320800 22.730
 20  95.165237  21.357146    78.158    78.158  2 52916.64316688 18.508
 21  95.163966  21.355546    57.489    57.526  3 52951.64312745 36.341
 23  95.165799  21.359233    54.699    54.843  3 53021.64313478 39.893
 24  95.166543  21.356403    54.854    55.130  3 53056.64312472 40.045
 25  95.158114  21.345673    52.948    53.414  4 53091.64316049 31.950
 26  95.163433  21.352965    55.824    55.438  3 53126.64313260 40.822
 27  95.157163  21.347340    79.231    75.727  3 53161.64319464 12.120
 28  95.163886  21.353158    61.446    61.446  2 53196.64319399 35.928
 31  95.154917  21.340086    64.948    65.909  3 53301.64319446 39.293
 32  95.162658  21.351371    57.099    57.099  2 53336.64316670 33.047
 33  95.165672  21.358891    55.629    54.902  3 53371.64310435 40.780
 34  95.162994  21.353710    55.364    55.364  2 53406.64313982 41.251
 35  95.164714  21.354565    57.425    58.160  3 53441.64312581 42.006
 36  95.157774  21.345374    57.053    56.681  4 53476.64319286 41.317
 37  95.161613  21.352649    54.697    54.697  2 53511.64320772 44.450
 38  95.160294  21.344207    63.083    61.856  4 53546.64322346 11.784
 39  95.162981  21.353649    68.261    68.641  3 53581.64319676 14.553
 40  95.161983  21.352038    64.298    64.298  2 53616.64315174 40.697
 41  95.162329  21.351832    79.397    79.397  2 53651.64316720 13.803
 42  95.159717  21.346933    57.270    57.411  4 53686.64317153 40.877
 43  95.166520  21.357335    65.016    65.016  2 53721.64309906 31.842
 44  95.166794  21.358205    55.445    55.180  3 53756.64302971 42.181
 45  95.166282  21.356614    53.840    54.330  3 53791.64305544 33.156
 46  95.164342  21.354054    54.840    55.441  3 53826.64301777 41.583
 47  95.159476  21.346083    54.849    55.164  4 53861.64310557 38.385
 48  95.162994  21.351632    63.738    63.738  2 53896.64312713 12.775
 49  95.155466  21.340737    64.508    64.486  4 53931.64317559 13.352
 51  95.162182  21.351855    62.789    62.789  2 54001.64311534 19.724
 52  95.163964  21.354109    57.605    57.605  2 54036.64315540 37.485
 53  95.163778  21.354597    56.280    56.142  3 54071.64314948 39.263
 54  95.163786  21.354656    54.559    54.520  3 54106.64310071 39.429
 55  95.161053  21.351940    55.474    55.474  2 54141.64308326 34.739
 56  95.163259  21.352787    54.962    54.840  3 54176.64308196 37.553
 57  95.161264  21.348285    58.789    56.802  3 54211.64308931 23.404
 60  95.164422  21.354086    65.417    65.655  3 54316.64312871 18.280
 61  95.164108  21.354711    62.941    62.941  2 54351.64309570 24.869
 62  95.162917  21.353345    60.015    60.015  2 54386.64306783 39.408
 63  95.163142  21.353743    58.387    58.387  2 54421.64304509 41.027
 64  95.161685  21.351871    53.910    53.910  2 54456.64304064 44.569
 65  95.164313  21.353623    54.196    54.129  3 54491.64304689 35.411
 66  95.163592  21.352584    56.521    56.521  2 54526.64305341 33.578
 67  95.163516  21.353609    54.067    54.952  3 54561.64305531 38.113
 69  95.161820  21.350671    60.904    60.904  2 54631.64306274 15.923
 70  95.161534  21.350063    65.374    65.374  2 54666.64306858 18.103
 71  95.165026  21.355654    64.146    64.146  2 54701.64303761 29.518
 72  95.161205  21.351642    62.513    62.513  2 54736.64302917 19.914
 74  95.161461  21.346080    56.453    56.511  4 54806.64302141 40.562
 75  95.163360  21.352652    54.815    54.815  2 54841.64301380 40.547
 76  95.160941  21.352022    52.816    52.816  2 54876.64302421 43.688
 77  95.162727  21.352794    53.701    53.701  2 54911.64301851 41.153
 78  95.161307  21.346013    56.505    56.542  4 54946.64301599 40.476
 79  95.161474  21.351035    71.706    71.706  2 54981.64304299 10.719
 81  95.163408  21.354258    61.829    61.829  2 55051.64303867 21.517
 83  95.163043  21.351562    61.346    61.346  2 55121.64297229 41.367
 84  95.162516  21.353109    57.169    57.169  2 55156.64296284 39.397
 85  95.161368  21.348108    55.999    55.786  3 55191.64296145 40.135
 86  95.162766  21.352909    53.259    53.259  2 55226.64296373 43.262
 88  95.164045  21.353513    61.452    61.452  2 55296.64294883 22.188
 89  95.161456  21.350047    54.891    54.891  2 55331.64293792 35.059
 91  95.161186  21.352408    66.764    66.764  2 55401.64294425 18.075
 92  95.164213  21.355281    63.021    63.021  2 55436.64294881 35.865
 93  95.164663  21.356301    61.140    60.919  3 55471.64289976 43.182
