# NaN NaN NaN ;Mean Elev.(m), Avg Gradient(m/km), RMS Gradient(m/km) - SRTM1     
#   10.623  -0.288   4.006 ;Mean Elev.(m), Avg Gradient(m/km), RMS Gradient(m/km) - ASTER GDEM
#   17.000   0.135   3.710 ;Mean Elev.(m), Avg Gradient(m/km), RMS Gradient(m/km) - GMTED2010 
  9  95.100316  18.641861    27.209    27.193  5 52515.64452001 39.946
 11  95.101369  18.646835    19.163    19.176  4 52585.64454089 52.218
 12  95.095537  18.632766    16.975    16.989  5 52620.64452038 49.735
 15  95.096807  18.633692    21.650    22.684  4 52725.64454881 21.802
 17  95.098358  18.637664    21.326    21.059  5 52795.64452447 24.705
 18  95.099589  18.638649    25.785    25.785  4 52830.64459114 52.066
 19  95.101026  18.645797    24.171    24.219  4 52865.64463632 31.852
 20  95.096046  18.629577    24.126    24.142  4 52900.64466213 27.331
 21  95.095842  18.633091    22.629    22.622  5 52935.64460465 48.414
 22  95.095613  18.627158    17.618    17.594  3 52970.64462466 51.985
 25  95.094783  18.625330    15.538    15.538  2 53075.64462283 37.984
 28  95.098417  18.638542    28.427    28.672  4 53180.64464770 19.786
 29  95.095535  18.627224    28.169    28.164  3 53215.64466795 40.793
 30  95.095701  18.631827    23.090    23.115  5 53250.64464418 30.407
 32  95.100904  18.645014    19.594    19.578  5 53320.64462042 50.992
 33  95.101075  18.644954    17.552    17.572  5 53355.64458932 50.060
 35  95.099789  18.641790    16.239    16.238  4 53425.64459605 48.518
 36  95.098136  18.639160    17.581    17.583  4 53460.64460361 43.943
 38  95.099896  18.640794    16.986    16.950  5 53530.64466295 33.588
 40  95.098701  18.637699    25.554    25.178  4 53600.64463276 24.565
 43  95.100955  18.646714    17.565    17.555  4 53705.64458615 52.258
 44  95.100924  18.645766    16.592    16.599  5 53740.64449848 48.575
 45  95.099533  18.639861    15.496    15.522  4 53775.64451903 49.839
 46  95.099739  18.640427    15.598    15.620  4 53810.64450018 49.855
 48  95.098365  18.637785    25.064    24.996  5 53880.64457168 23.289
 51  95.097335  18.636002    24.783    24.827  4 53985.64457383 21.733
 52  95.095864  18.632699    24.277    24.265  5 54020.64461276 51.313
 53  95.101138  18.647072    18.436    18.414  5 54055.64460634 49.922
 54  95.098072  18.637261    16.564    16.579  4 54090.64459116 51.091
 55  95.095702  18.632038    15.581    15.580  5 54125.64451955 49.616
 56  95.095339  18.634002    15.885    15.862  5 54160.64455837 49.159
 57  95.095761  18.631424    15.348    15.378  5 54195.64452091 49.572
 58  95.095847  18.634241    16.838    16.878  5 54230.64457123 48.954
 59  95.096248  18.635663    18.238    18.206  5 54265.64458923 37.267
 60  95.097039  18.636597    24.838    24.916  5 54300.64459366 20.674
 61  95.097334  18.636329    25.522    25.495  4 54335.64458215 24.275
 63  95.096329  18.634249    23.044    23.024  5 54405.64452613 50.728
 64  95.095620  18.629923    18.023    18.023  3 54440.64448298 46.753
 65  95.097254  18.635605    16.782    16.786  5 54475.64451372 49.069
 66  95.095332  18.633774    17.575    16.450  5 54510.64449872 21.226
 67  95.096703  18.636349    15.903    15.804  5 54545.64452813 29.324
 68  95.097262  18.635394    21.153    22.779  4 54580.64449492 17.687
 69  95.097194  18.635963    18.165    18.147  5 54615.64451768 44.583
 70  95.095443  18.629162    24.786    24.443  3 54650.64452864 21.717
 71  95.096900  18.634623    25.160    25.103  4 54685.64452309 24.596
 72  95.095438  18.633929    26.046    26.030  5 54720.64447441 44.017
 73  95.096304  18.632703    22.163    22.161  5 54755.64449700 51.324
 74  95.095076  18.627154    18.580    18.617  3 54790.64446598 50.642
 75  95.096449  18.632707    16.681    16.679  5 54825.64449350 48.793
 76  95.095893  18.633003    15.827    15.875  5 54860.64446093 45.593
 77  95.096136  18.632046    21.636    23.147  5 54895.64449405 22.133
 78  95.095357  18.626465    21.926    21.886  3 54930.64445749 15.543
 79  95.095955  18.632695    23.014    23.087  5 54965.64449532 15.097
 80  95.095159  18.626603    19.445    19.457  3 55000.64451405 40.247
 81  95.096761  18.635791    24.367    25.163  5 55035.64450116 22.257
 82  95.096845  18.636501    25.023    25.048  5 55070.64449094 45.121
 83  95.095473  18.625552    24.623    24.641  3 55105.64443130 44.950
 84  95.096499  18.633006    18.459    18.475  5 55140.64443867 49.094
 85  95.095831  18.632983    16.468    16.483  5 55175.64440045 47.620
 86  95.096092  18.633363    15.524    15.531  4 55210.64443402 48.732
 87  95.096028  18.629012    14.733    14.747  4 55245.64440503 49.613
 88  95.096326  18.633727    16.255    15.020  4 55280.64442756 24.584
 89  95.095718  18.631265    17.603    17.544  5 55315.64439397 22.401
 90  95.096523  18.636154    19.532    19.542  5 55350.64440000 51.527
 91  95.095422  18.625929    24.381    24.277  3 55385.64439186 19.327
 92  95.096969  18.634219    25.584    25.512  5 55420.64441796 25.290
 93  95.097431  18.636214    24.821    24.779  5 55455.64439460 22.731
 94  95.099298  18.639550    26.027    25.893  4 55490.64431268 25.639
