# NaN NaN NaN ;Mean Elev.(m), Avg Gradient(m/km), RMS Gradient(m/km) - SRTM1     
#   10.623  -0.288   4.006 ;Mean Elev.(m), Avg Gradient(m/km), RMS Gradient(m/km) - ASTER GDEM
#   17.000   0.135   3.710 ;Mean Elev.(m), Avg Gradient(m/km), RMS Gradient(m/km) - GMTED2010 
  9    27.248 52515.64451872 41.50  95.101877  18.635261 44.254
  9    27.171 52515.64451936 40.96  95.101097  18.638561 44.254
  9    27.149 52515.64452001 38.11  95.100317  18.641861 44.254
  9    27.216 52515.64452065 40.17  95.099537  18.645161 44.254
  9    27.262 52515.64452130 37.72  95.098747  18.648461 44.254
 11    19.158 52585.64453993 52.51  95.102544  18.641885 42.512
 11    19.101 52585.64454057 52.60  95.101764  18.645185 42.512
 11    19.199 52585.64454122 51.98  95.100974  18.648485 42.512
 11    19.194 52585.64454186 51.72  95.100194  18.651785 42.512
 12    16.910 52620.64451909 51.45  95.097106  18.626166 41.315
 12    16.809 52620.64451973 50.59  95.096316  18.629466 41.315
 12    17.044 52620.64452038 50.30  95.095536  18.632766 41.315
 12    17.115 52620.64452102 47.61  95.094756  18.636066 41.315
 12    16.995 52620.64452167 47.11  95.093976  18.639366 41.315
 15    22.156 52725.64454769 24.74  95.098175  18.627917 15.862
 15    23.213 52725.64454833 22.45  95.097395  18.631217 15.862
 15    24.343 52725.64454898 17.94  95.096615  18.634517 15.862
 15    16.889 52725.64455027 18.44  95.095045  18.641117 15.862
 17    17.992 52795.64452318 25.71  95.099924  18.631070 31.017
 17    17.957 52795.64452383 27.41  95.099137  18.634359 10.890
 17    23.694 52795.64452447 23.85  95.098357  18.637669 10.890
 17    24.068 52795.64452512 21.05  95.097577  18.640959 10.890
 17    22.921 52795.64452576 22.65  95.096797  18.644259 10.890
 18    25.794 52830.64459017 51.90  95.100764  18.633693 39.606
 18    25.793 52830.64459082 52.14  95.099977  18.637001 42.113
 18    25.777 52830.64459146 52.13  95.099197  18.640301 42.113
 18    25.778 52830.64459211 52.09  95.098417  18.643601 42.113
 19    24.298 52865.64463536 35.77  95.102198  18.640852 28.404
 19    24.274 52865.64463600 31.16  95.101418  18.644152 28.404
 19    24.163 52865.64463665 28.55  95.100638  18.647442 28.404
 19    23.949 52865.64463729 25.17  95.099848  18.650742 28.404
 20    24.185 52900.64466116 31.16  95.097219  18.624627 35.439
 20    23.993 52900.64466181 27.03  95.096439  18.627927 35.439
 20    24.226 52900.64466245 22.29  95.095659  18.631227 35.439
 20    24.098 52900.64466310 22.63  95.094869  18.634527 35.439
 21    22.539 52935.64460336 38.90  95.097402  18.626491 40.891
 21    22.531 52935.64460401 48.89  95.096622  18.629791 40.891
 21    22.656 52935.64460465 47.83  95.095842  18.633091 40.891
 21    22.715 52935.64460530 49.66  95.095062  18.636391 40.891
 21    22.706 52935.64460594 50.36  95.094282  18.639691 40.891
 22    17.592 52970.64462402 50.78  95.096400  18.623858 36.819
 22    17.594 52970.64462466 52.38  95.095610  18.627158 36.819
 22    17.667 52970.64462531 52.58  95.094830  18.630458 36.819
 25    15.440 53075.64462251 34.47  95.095173  18.623680 31.711
 25    15.635 53075.64462315 39.90  95.094393  18.626980 31.711
 28    28.829 53180.64464674 19.97  95.099588  18.633597 29.701
 28    28.850 53180.64464738 19.52  95.098808  18.636897 29.701
 28    28.515 53180.64464802 19.82  95.098027  18.640187 16.411
 28    27.515 53180.64464867 19.82  95.097247  18.643487 16.411
 29    28.083 53215.64466731 34.95  95.096318  18.623924 30.467
 29    28.164 53215.64466795 41.79  95.095538  18.627224 30.467
 29    28.261 53215.64466859 42.50  95.094748  18.630524 30.467
 30    23.201 53250.64464289 34.54  95.097270  18.625227 30.656
 30    23.158 53250.64464354 31.98  95.096490  18.628527 30.656
 30    22.940 53250.64464418 27.78  95.095700  18.631827 30.656
 30    23.071 53250.64464483 23.67  95.094920  18.635127 30.656
 30    23.079 53250.64464547 23.75  95.094140  18.638427 30.656
 32    19.550 53320.64461913 47.18  95.102473  18.638414 43.703
 32    19.649 53320.64461978 51.35  95.101683  18.641714 43.703
 32    19.595 53320.64462042 50.05  95.100903  18.645014 43.703
 32    19.572 53320.64462107 52.77  95.100123  18.648314 43.703
 32    19.606 53320.64462171 51.74  95.099343  18.651614 43.703
 33    17.491 53355.64458803 50.13  95.102636  18.638354 41.795
 33    17.550 53355.64458868 49.32  95.101856  18.641654 41.795
 33    17.572 53355.64458932 51.13  95.101076  18.644954 41.795
 33    17.465 53355.64458997 49.64  95.100296  18.648254 41.795
 33    17.685 53355.64459061 49.85  95.099506  18.651554 41.795
 35    16.147 53425.64459508 47.74  95.100966  18.636845 33.462
 35    16.108 53425.64459573 48.84  95.100176  18.640145 33.462
 35    16.328 53425.64459637 48.55  95.099396  18.643435 33.462
 35    16.371 53425.64459702 48.85  95.098617  18.646735 24.752
 36    17.437 53460.64460265 41.32  95.099309  18.634217 27.877
 36    17.501 53460.64460329 43.83  95.098529  18.637507 27.877
 36    17.664 53460.64460394 44.94  95.097749  18.640807 27.877
 36    17.722 53460.64460458 44.81  95.096959  18.644107 27.877
 38    16.928 53530.64466167 27.10  95.101455  18.634204 17.910
 38    16.973 53530.64466231 32.36  95.100676  18.637494 21.413
 38    16.919 53530.64466295 33.57  95.099896  18.640794 21.413
 38    17.021 53530.64466360 34.99  95.099116  18.644094 21.413
 38    17.091 53530.64466424 35.75  95.098326  18.647394 21.413
 40    26.852 53600.64463179 23.99  95.099871  18.632749 31.324
 40    25.222 53600.64463244 24.11  95.099091  18.636049 31.324
 40    25.009 53600.64463308 25.24  95.098311  18.639349 31.324
 40    25.133 53600.64463373 24.80  95.097531  18.642649 31.324
 43    17.520 53705.64458519 51.10  95.102127  18.641764 43.930
 43    17.564 53705.64458583 53.61  95.101347  18.645064 43.930
 43    17.631 53705.64458648 52.83  95.100567  18.648364 43.930
 43    17.546 53705.64458712 50.88  95.099777  18.651664 43.930
 44    16.557 53740.64449719 47.62  95.102484  18.639166 39.921
 44    16.525 53740.64449783 47.96  95.101704  18.642466 39.921
 44    16.680 53740.64449848 51.61  95.100924  18.645766 39.921
 44    16.555 53740.64449912 47.23  95.100144  18.649066 39.921
 44    16.642 53740.64449977 46.24  95.099363  18.652356 21.722
 45    15.294 53775.64451806 47.14  95.100703  18.634911 38.256
 45    15.417 53775.64451870 51.41  95.099923  18.638211 38.256
 45    15.627 53775.64451935 50.87  95.099143  18.641511 38.256
 45    15.645 53775.64451999 48.64  95.098363  18.644811 38.256
 46    15.440 53810.64449921 46.98  95.100911  18.635477 35.279
 46    15.601 53810.64449986 49.26  95.100131  18.638777 35.279
 46    15.639 53810.64450050 50.82  95.099351  18.642077 35.279
 46    15.712 53810.64450115 51.20  95.098561  18.645377 35.279
 48    26.904 53880.64457039 23.73  95.099934  18.631190 32.966
 48    25.375 53880.64457103 22.66  95.099154  18.634490 32.966
 48    25.004 53880.64457168 22.31  95.098364  18.637780 32.966
 48    24.004 53880.64457232 25.00  95.097584  18.641090 32.966
 48    24.034 53880.64457297 22.02  95.096804  18.644380 32.966
 51    25.345 53985.64457287 21.79  95.098505  18.631052 29.134
 51    24.962 53985.64457351 21.57  95.097725  18.634352 29.134
 51    24.693 53985.64457416 21.59  95.096945  18.637652 29.134
 51    24.133 53985.64457480 21.97  95.096165  18.640952 29.134
 52    24.235 54020.64461147 49.91  95.097425  18.626099 44.200
 52    24.164 54020.64461212 50.64  95.096645  18.629399 44.200
 52    24.365 54020.64461276 50.21  95.095865  18.632699 44.200
 52    24.328 54020.64461341 52.29  95.095075  18.635999 44.200
 52    24.295 54020.64461405 52.75  95.094295  18.639299 44.200
 53    18.378 54055.64460505 46.45  95.102699  18.640472 42.778
 53    18.317 54055.64460569 51.25  95.101919  18.643772 42.778
 53    18.407 54055.64460634 49.97  95.101139  18.647072 42.778
 53    18.537 54055.64460698 50.09  95.100359  18.650372 42.778
 53    18.543 54055.64460763 50.50  95.099569  18.653662 42.778
 54    16.351 54090.64459019 50.59  95.099242  18.632311 37.284
 54    16.479 54090.64459084 50.81  95.098462  18.635611 37.284
 54    16.679 54090.64459148 51.16  95.097682  18.638911 37.284
 54    16.746 54090.64459212 51.72  95.096902  18.642211 37.284
 55    15.432 54125.64451826 51.59  95.097271  18.625438 30.179
 55    15.463 54125.64451891 48.71  95.096481  18.628738 30.179
 55    15.618 54125.64451955 47.92  95.095701  18.632038 30.179
 55    15.666 54125.64452020 46.80  95.094921  18.635338 30.179
 55    15.728 54125.64452084 51.12  95.094141  18.638638 30.179
 56    15.628 54160.64455708 46.92  95.096905  18.627402 25.388
 56    15.841 54160.64455772 47.90  95.096125  18.630702 25.388
 56    15.862 54160.64455837 49.18  95.095335  18.634002 25.388
 56    15.962 54160.64455901 51.63  95.094555  18.637302 25.388
 56    16.132 54160.64455966 48.62  95.093775  18.640602 25.388
 57    15.206 54195.64451962 46.25  95.097325  18.624824 27.470
 57    15.123 54195.64452026 48.08  95.096545  18.628124 27.470
 57    15.411 54195.64452091 47.67  95.095765  18.631424 27.470
 57    15.449 54195.64452155 50.83  95.094975  18.634724 27.470
 57    15.550 54195.64452220 52.23  95.094195  18.638014 27.470
 58    16.777 54230.64456994 50.64  95.097416  18.627641 30.309
 58    16.643 54230.64457058 50.18  95.096636  18.630941 30.309
 58    16.814 54230.64457123 45.90  95.095846  18.634241 30.309
 58    16.944 54230.64457187 48.69  95.095066  18.637541 30.309
 58    17.010 54230.64457251 47.78  95.094286  18.640841 30.309
 59    18.284 54265.64458794 41.38  95.097817  18.629063 23.554
 59    18.196 54265.64458859 38.94  95.097037  18.632363 23.554
 59    18.078 54265.64458923 31.63  95.096247  18.635663 23.554
 59    18.217 54265.64458988 31.53  95.095467  18.638963 23.554
 59    18.417 54265.64459052 33.42  95.094687  18.642263 23.554
 60    25.952 54300.64459237 20.74  95.098600  18.629997 23.641
 60    25.728 54300.64459301 19.34  95.097820  18.633297 23.641
 60    24.587 54300.64459366 19.45  95.097040  18.636597 23.641
 60    24.044 54300.64459430 21.01  95.096260  18.639897 23.641
 60    23.881 54300.64459495 22.18  95.095470  18.643197 23.641
 61    25.683 54335.64458119 24.75  95.098506  18.631379 27.172
 61    25.574 54335.64458183 23.94  95.097726  18.634679 27.172
 61    25.413 54335.64458247 23.70  95.096946  18.637979 27.172
 61    25.417 54335.64458312 24.62  95.096156  18.641279 27.172
 63    22.914 54405.64452484 49.20  95.097894  18.627649 44.229
 63    23.071 54405.64452548 49.81  95.097114  18.630949 44.229
 63    22.965 54405.64452613 51.10  95.096334  18.634249 44.229
 63    23.137 54405.64452677 51.73  95.095544  18.637549 44.229
 63    23.135 54405.64452742 51.29  95.094764  18.640839 44.229
 64    18.028 54440.64448234 48.00  95.096400  18.626630 32.377
 64    18.023 54440.64448298 47.69  95.095620  18.629920 32.377
 64    18.017 54440.64448363 43.05  95.094840  18.633220 32.377
 65    16.757 54475.64451243 50.62  95.098820  18.629005 37.775
 65    16.745 54475.64451307 48.95  95.098040  18.632305 37.775
 65    16.786 54475.64451372 49.99  95.097250  18.635605 37.775
 65    16.873 54475.64451436 47.80  95.096470  18.638905 37.775
 65    16.750 54475.64451501 46.96  95.095690  18.642205 37.775
 66    22.187 54510.64449743 21.86  95.096893  18.627174 26.447
 66    16.482 54510.64449808 22.20  95.096113  18.630474 26.447
 66    16.393 54510.64449872 22.27  95.095333  18.633774 26.447
 66    16.480 54510.64449937 19.38  95.094553  18.637074 26.447
 66    16.331 54510.64450001 19.46  95.093763  18.640374 26.447
 67    15.990 54545.64452684 24.46  95.098269  18.629756 21.926
 67    15.614 54545.64452749 24.53  95.097489  18.633056 21.926
 67    15.671 54545.64452813 24.68  95.096699  18.636346 21.926
 67    16.055 54545.64452878 26.47  95.095919  18.639646 21.926
 67    16.184 54545.64452942 34.74  95.095139  18.642946 21.926
 68    22.662 54580.64449395 17.79  95.098434  18.630449 14.559
 68    16.044 54580.64449460 19.19  95.097654  18.633749 14.559
 68    23.010 54580.64449524 16.61  95.096874  18.637039 14.559
 68    22.896 54580.64449589 16.62  95.096084  18.640339 14.559
 69    18.113 54615.64451639 49.22  95.098760  18.629363 24.916
 69    18.123 54615.64451704 46.81  95.097980  18.632663 24.916
 69    18.132 54615.64451768 39.73  95.097190  18.635963 24.916
 69    18.171 54615.64451833 33.24  95.096410  18.639263 24.916
 69    18.284 54615.64451897 27.88  95.095630  18.642563 24.916
 70    24.423 54650.64452800 22.71  95.096223  18.625862 26.664
 70    25.493 54650.64452864 20.90  95.095443  18.629162 26.664
 70    24.443 54650.64452929 21.33  95.094663  18.632462 26.664
 71    25.013 54685.64452212 25.25  95.098072  18.629673 28.798
 71    24.855 54685.64452277 24.68  95.097292  18.632973 28.798
 71    25.193 54685.64452341 24.83  95.096512  18.636273 28.798
 71    25.580 54685.64452406 23.42  95.095722  18.639573 28.798
 72    26.028 54720.64447312 29.86  95.096999  18.627329 36.945
 72    25.994 54720.64447377 34.98  95.096219  18.630629 36.945
 72    26.029 54720.64447441 38.92  95.095439  18.633929 36.945
 72    26.058 54720.64447506 43.73  95.094659  18.637229 36.945
 72    26.120 54720.64447570 49.57  95.093869  18.640529 36.945
 73    22.043 54755.64449571 47.60  95.097865  18.626103 38.460
 73    22.081 54755.64449635 52.00  95.097085  18.629403 38.460
 73    22.130 54755.64449700 51.86  95.096305  18.632703 38.460
 73    22.241 54755.64449764 51.97  95.095515  18.636003 38.460
 73    22.322 54755.64449829 51.80  95.094735  18.639303 38.460
 74    18.500 54790.64446534 49.19  95.095859  18.623854 39.197
 74    18.617 54790.64446598 52.17  95.095079  18.627154 39.197
 74    18.623 54790.64446663 50.00  95.094289  18.630454 39.197
 75    16.586 54825.64449221 47.29  95.098015  18.626117 30.971
 75    16.634 54825.64449286 47.96  95.097235  18.629407 30.971
 75    16.640 54825.64449350 51.05  95.096445  18.632707 30.971
 75    16.726 54825.64449415 48.69  95.095665  18.636007 30.971
 75    16.819 54825.64449479 47.87  95.094885  18.639307 30.971
 76    15.797 54860.64445964 47.37  95.097454  18.626403 33.171
 76    15.844 54860.64446029 49.01  95.096674  18.629703 33.171
 76    15.893 54860.64446093 45.45  95.095894  18.633003 33.171
 76    15.771 54860.64446158 38.98  95.095114  18.636303 33.171
 76    15.831 54860.64446222 36.10  95.094324  18.639603 33.171
 77    23.265 54895.64449276 17.40  95.097697  18.625447 20.461
 77    23.609 54895.64449340 15.65  95.096917  18.628747 20.461
 77    23.304 54895.64449405 16.69  95.096137  18.632047 20.461
 77    22.692 54895.64449469 17.84  95.095347  18.635337 20.461
 77    15.309 54895.64449534 27.91  95.094567  18.638637 20.461
 78    22.801 54930.64445685 14.68  95.096137  18.623165 17.693
 78    21.886 54930.64445749 15.77  95.095357  18.626465 17.693
 78    21.090 54930.64445814 16.06  95.094577  18.629765 17.693
 79    23.900 54965.64449403 12.75  95.097521  18.626095  9.577
 79    23.617 54965.64449467 13.45  95.096741  18.629395  9.577
 79    23.087 54965.64449532 14.40  95.095951  18.632695  9.577
 79    22.580 54965.64449596 15.28  95.095171  18.635995  9.577
 79    21.885 54965.64449661 17.74  95.094391  18.639295  9.577
 80    19.472 55000.64451340 43.00  95.095939  18.623303 18.993
 80    19.457 55000.64451405 39.44  95.095159  18.626603 18.993
 80    19.407 55000.64451469 34.79  95.094379  18.629903 18.993
 81    20.621 55035.64449987 26.00  95.098325  18.629191 22.714
 81    25.916 55035.64450052 20.32  95.097545  18.632491 22.714
 81    27.447 55035.64450116 19.92  95.096765  18.635791 22.714
 81    24.415 55035.64450181 20.12  95.095975  18.639091 22.714
 81    23.435 55035.64450245 21.27  95.095195  18.642391 22.714
 82    24.902 55070.64448965 41.11  95.098410  18.629901 43.442
 82    25.048 55070.64449030 41.54  95.097630  18.633201 43.442
 82    25.094 55070.64449094 44.27  95.096840  18.636501 43.442
 82    25.025 55070.64449159 47.57  95.096060  18.639801 43.442
 82    25.048 55070.64449223 47.12  95.095280  18.643101 43.442
 83    24.644 55105.64443066 41.43  95.096253  18.622252 36.142
 83    24.641 55105.64443130 43.83  95.095473  18.625552 36.142
 83    24.584 55105.64443195 47.46  95.094693  18.628852 36.142
 84    18.339 55140.64443738 47.20  95.098068  18.626406 28.915
 84    18.389 55140.64443803 48.35  95.097278  18.629706 28.915
 84    18.485 55140.64443867 50.59  95.096498  18.633006 28.915
 84    18.442 55140.64443931 49.34  95.095718  18.636306 28.915
 84    18.638 55140.64443996 49.27  95.094938  18.639606 28.915
 85    16.434 55175.64439916 49.27  95.097392  18.626383 27.473
 85    16.496 55175.64439981 48.26  95.096612  18.629683 27.473
 85    16.551 55175.64440045 49.54  95.095832  18.632983 27.473
 85    16.401 55175.64440110 46.08  95.095052  18.636283 27.473
 85    16.459 55175.64440174 38.47  95.094262  18.639583 27.473
 86    15.499 55210.64443305 51.53  95.097267  18.628413 26.276
 86    15.588 55210.64443369 50.64  95.096487  18.631713 26.276
 86    15.562 55210.64443434 45.51  95.095697  18.635013 26.276
 86    15.449 55210.64443498 37.03  95.094917  18.638313 26.276
 87    14.814 55245.64440406 48.06  95.097206  18.624062 29.960
 87    14.734 55245.64440470 52.57  95.096416  18.627362 29.960
 87    14.759 55245.64440535 50.59  95.095636  18.630662 29.960
 87    14.625 55245.64440599 38.25  95.094856  18.633962 29.960
 88    15.031 55280.64442659 23.65  95.097504  18.628782 20.879
 88    15.009 55280.64442723 27.43  95.096714  18.632082 20.879
 88    14.951 55280.64442788 24.51  95.095934  18.635372 20.879
 88    20.029 55280.64442852 19.13  95.095154  18.638672 20.879
 89    17.737 55315.64439268 17.19  95.097279  18.624665 13.425
 89    17.547 55315.64439332 19.08  95.096499  18.627965 13.425
 89    17.409 55315.64439397 24.36  95.095719  18.631265 13.425
 89    17.542 55315.64439461 23.33  95.094939  18.634565 13.425
 89    17.778 55315.64439526 23.94  95.094149  18.637865 13.425
 90    19.404 55350.64439871 49.34  95.098092  18.629554 35.347
 90    19.456 55350.64439935 52.25  95.097302  18.632854 35.347
 90    19.588 55350.64440000 48.33  95.096522  18.636154 35.347
 90    19.600 55350.64440064 52.78  95.095742  18.639454 35.347
 90    19.612 55350.64440129 52.99  95.094962  18.642754 35.347
 91    24.101 55385.64439121 19.16  95.096202  18.622629 17.456
 91    24.277 55385.64439186 20.29  95.095422  18.625929 17.456
 91    24.765 55385.64439250 18.30  95.094642  18.629229 17.456
 92    25.655 55420.64441667 26.79  95.098535  18.627629 28.864
 92    25.728 55420.64441731 25.09  95.097755  18.630919 28.864
 92    25.512 55420.64441796 24.73  95.096965  18.634219 28.864
 92    25.432 55420.64441860 24.57  95.096185  18.637519 28.864
 92    25.594 55420.64441925 24.86  95.095405  18.640819 28.864
 93    25.786 55455.64439331 25.30  95.098996  18.629619 37.194
 93    24.823 55455.64439395 22.41  95.098216  18.632919 37.194
 93    24.779 55455.64439460 21.99  95.097431  18.636210 28.639
 93    24.460 55455.64439524 21.09  95.096651  18.639510 28.639
 93    24.259 55455.64439589 21.40  95.095861  18.642810 28.639
 94    26.527 55490.64431171 28.80  95.100471  18.634603 36.057
 94    25.954 55490.64431236 24.89  95.099691  18.637903 36.057
 94    25.832 55490.64431300 22.94  95.098910  18.641203 24.389
 94    25.797 55490.64431365 23.05  95.098120  18.644493 24.389
