# NaN NaN NaN ;Mean Elev.(m), Avg Gradient(m/km), RMS Gradient(m/km) - SRTM1     
#   -5.803  -7.127  11.807 ;Mean Elev.(m), Avg Gradient(m/km), RMS Gradient(m/km) - ASTER GDEM
#   28.182  -6.698   9.473 ;Mean Elev.(m), Avg Gradient(m/km), RMS Gradient(m/km) - GMTED2010 
  8    37.773 52481.16097453 29.05  95.154911  19.773874  8.662
  8    37.701 52481.16097518 25.42  95.154121  19.770574  8.662
  8    37.665 52481.16097582 21.14  95.153331  19.767274  8.662
  8    37.831 52481.16097646 19.00  95.152541  19.763984  8.662
  8    38.020 52481.16097711 17.67  95.151751  19.760684  8.662
  8    47.176 52481.16097775 15.87  95.150961  19.757384  8.662
  8    45.175 52481.16097840 15.46  95.150171  19.754084  8.662
  8    44.969 52481.16097904 15.72  95.149381  19.750784  8.662
  9    42.033 52516.16092905 28.96  95.158385  19.758518  3.012
  9    62.401 52516.16092969 31.98  95.157599  19.755220 24.088
  9    42.665 52516.16093034 32.78  95.156809  19.751920 24.088
 10    34.986 52551.16097366 29.58  95.156663  19.774960 13.970
 10    40.015 52551.16097430 24.13  95.155873  19.771660 13.970
 10    40.719 52551.16097495 21.88  95.155073  19.768360 13.970
 10    40.442 52551.16097559 21.28  95.154293  19.765060 13.970
 10    40.503 52551.16097624 20.23  95.153503  19.761760 13.970
 10    40.477 52551.16097688 19.49  95.152703  19.758460 13.970
 10    40.665 52551.16097753 17.69  95.151923  19.755160 13.970
 11    51.710 52586.16095098 11.68  95.161202  19.749627 16.579
 11    36.693 52586.16095163 15.53  95.160412  19.746327 16.579
 12    48.810 52621.16092756 17.83  95.153406  19.761928  9.316
 12    28.808 52621.16092820 25.75  95.152616  19.758638  9.316
 12    30.102 52621.16092885 27.48  95.151826  19.755338  9.316
 15    27.278 52726.16095750 36.81  95.158408  19.761280 15.430
 15    27.312 52726.16095815 43.33  95.157618  19.757980 15.430
 15    27.378 52726.16095879 49.69  95.156828  19.754680 15.430
 16    28.482 52761.16097499 21.53  95.142920  19.756162 10.639
 16    28.439 52761.16097564 27.65  95.142130  19.752862 10.639
 16    28.226 52761.16097628 30.79  95.141340  19.749562 10.639
 16    28.421 52761.16097693 26.41  95.140555  19.746263 17.590
 16    28.199 52761.16097757 29.03  95.139765  19.742963 17.590
 17    50.067 52796.16093405 13.34  95.161996  19.750006  7.576
 17    59.694 52796.16093470 14.30  95.161206  19.746706  7.576
 20    35.946 52901.16106857 29.89  95.157382  19.772816 15.477
 20    41.018 52901.16106921 24.95  95.156592  19.769516 15.477
 20    40.692 52901.16106986 24.95  95.155802  19.766216 15.477
 20    40.835 52901.16107050 24.36  95.155012  19.762916 15.477
 20    40.103 52901.16107115 24.98  95.154222  19.759616 15.477
 20    36.386 52901.16107179 27.29  95.153433  19.756319 12.366
 21    34.550 52936.16100930 48.47  95.156063  19.775764 29.431
 21    34.396 52936.16100994 48.77  95.155273  19.772464 29.431
 21    34.528 52936.16101059 48.57  95.154483  19.769164 29.431
 21    34.410 52936.16101123 41.57  95.153693  19.765864 29.431
 21    34.193 52936.16101188 40.06  95.152903  19.762564 29.431
 21    34.275 52936.16101252 42.75  95.152113  19.759264 29.431
 21    34.438 52936.16101317 46.32  95.151329  19.755966 17.475
 21    34.416 52936.16101381 50.61  95.150539  19.752666 17.475
 22    37.522 52971.16103455 13.73  95.158435  19.769062  5.687
 22    32.564 52971.16103648 17.15  95.156058  19.759166 14.878
 22    29.861 52971.16103713 17.29  95.155268  19.755866 14.878
 23    50.505 53006.16104871 13.45  95.152007  19.767900  9.738
 23    29.609 53006.16104935 17.03  95.151217  19.764600  9.738
 23    28.216 53006.16105000 16.33  95.150425  19.761302 21.121
 23    28.113 53006.16105064 21.11  95.149635  19.758002 21.121
 23    28.181 53006.16105129 26.07  95.148845  19.754702 21.121
 23    28.202 53006.16105193 21.01  95.148055  19.751402 21.121
 24    27.770 53041.16099924 49.33  95.159131  19.773508 30.585
 24    27.867 53041.16099989 50.57  95.158331  19.770208 30.585
 24    27.823 53041.16100053 49.84  95.157551  19.766908 30.585
 24    27.721 53041.16100118 52.57  95.156761  19.763608 30.585
 24    27.722 53041.16100182 51.58  95.155971  19.760308 30.585
 24    27.989 53041.16100246 45.47  95.155181  19.757008 30.585
 24    27.687 53041.16100311 27.11  95.154391  19.753708 30.585
 25    27.881 53076.16103221 51.54  95.155019  19.773751 31.962
 25    27.684 53076.16103285 52.27  95.154229  19.770451 31.962
 25    27.728 53076.16103350 51.16  95.153439  19.767151 31.962
 25    27.680 53076.16103414 51.59  95.152649  19.763861 31.962
 25    27.479 53076.16103479 51.82  95.151859  19.760561 31.962
 25    27.534 53076.16103543 46.70  95.151069  19.757261 31.962
 25    27.455 53076.16103608 33.86  95.150279  19.753961 31.962
 25    26.980 53076.16103672 29.71  95.149489  19.750661 31.962
 26    29.464 53111.16100201  9.52  95.155837  19.773932 10.131
 26    31.653 53111.16100265 10.73  95.155047  19.770632 10.131
 26    30.747 53111.16100329 13.25  95.154257  19.767332 10.131
 26    31.917 53111.16100394 14.62  95.153467  19.764042 10.131
 26    31.756 53111.16100458 16.17  95.152677  19.760742 10.131
 26    34.124 53111.16100523 16.97  95.151887  19.757442 10.131
 26    29.391 53111.16100587 17.52  95.151097  19.754142 10.131
 27    60.291 53146.16104470 10.14  95.157222  19.773386  5.256
 27    59.679 53146.16104534  9.40  95.156432  19.770086  5.256
 27    67.676 53146.16104599  8.86  95.155642  19.766786  5.256
 27    66.813 53146.16104663  9.99  95.154852  19.763496  5.256
 27    59.066 53146.16104728 10.51  95.154062  19.760196  5.256
 27    57.826 53146.16104792 11.00  95.153282  19.756896  5.256
 29    42.173 53216.16107556 34.35  95.157720  19.772588 26.523
 29    42.049 53216.16107620 31.55  95.156930  19.769288 26.523
 29    42.118 53216.16107685 28.91  95.156140  19.765988 26.523
 29    42.085 53216.16107749 27.82  95.155350  19.762698 26.523
 29    41.957 53216.16107814 27.93  95.154560  19.759398 26.523
 29    41.937 53216.16107878 28.00  95.153770  19.756098 26.523
 30    39.730 53251.16105470 24.67  95.153287  19.770323 10.919
 30    40.061 53251.16105534 24.11  95.152497  19.767023 10.919
 30    39.690 53251.16105599 24.57  95.151707  19.763723 10.919
 30    39.334 53251.16105663 23.85  95.150927  19.760423 10.919
 30    39.470 53251.16105728 20.24  95.150137  19.757123 10.919
 30    39.345 53251.16105792 19.24  95.149347  19.753823 10.919
 30    38.887 53251.16105857 18.09  95.148557  19.750523 10.919
 31    40.580 53286.16104655 23.56  95.156125  19.775422 11.759
 31    39.992 53286.16104719 24.59  95.155345  19.772122 11.759
 31    40.565 53286.16104784 23.77  95.154555  19.768822 11.759
 31    41.263 53286.16104848 22.41  95.153755  19.765522 11.759
 31    39.992 53286.16104913 23.84  95.152975  19.762232 11.759
 31    46.923 53286.16104977 20.08  95.152185  19.758932 11.759
 31    40.134 53286.16105042 20.43  95.151385  19.755632 11.759
 31    39.154 53286.16105106 19.96  95.150605  19.752332 11.759
 33    29.353 53356.16099636 23.45  95.159754  19.753769 13.821
 33    29.247 53356.16099700 24.12  95.158964  19.750469 13.821
 34    28.084 53391.16100697 19.65  95.158276  19.764192 11.106
 34    28.224 53391.16100761 23.78  95.157476  19.760892 11.106
 34    28.329 53391.16100826 30.57  95.156696  19.757592 11.106
 34    28.164 53391.16100890 29.47  95.155906  19.754292 11.106
 35    28.835 53426.16100517 28.08  95.159333  19.755709 12.534
 35    28.691 53426.16100581 31.39  95.158543  19.752409 12.534
 37    49.438 53496.16109314 11.65  95.150864  19.766130 10.424
 37    31.371 53496.16109378 14.80  95.150074  19.762830 10.424
 37    28.754 53496.16109442 17.62  95.149284  19.759530 10.424
 37    28.681 53496.16109507 28.41  95.148494  19.756230 10.424
 37    28.947 53496.16109571 29.96  95.147700  19.752932 10.233
 37    28.585 53496.16109636 23.00  95.146910  19.749632 10.233
 39    40.945 53566.16109679 19.23  95.151061  19.767125  8.537
 39    50.366 53566.16109744 16.59  95.150271  19.763825  8.537
 39    49.596 53566.16109808 14.60  95.149481  19.760535  8.537
 39    48.348 53566.16109872 14.97  95.148691  19.757235  8.537
 39    45.149 53566.16109937 15.54  95.147901  19.753935  8.537
 39    43.303 53566.16110001 16.24  95.147111  19.750635  8.537
 40    41.970 53601.16103934 25.37  95.159642  19.770414 10.112
 40    43.010 53601.16104128 18.17  95.157272  19.760524 10.112
 40    40.844 53601.16104192 21.00  95.156482  19.757224 10.112
 40    48.338 53601.16104257 15.92  95.155692  19.753924 10.112
 41    34.906 53636.16103566 37.84  95.158097  19.775141 12.089
 41    40.482 53636.16103889 23.01  95.154147  19.758651 12.089
 41    40.082 53636.16103953 23.17  95.153367  19.755351 12.089
 42    40.642 53671.16105766 21.17  95.154142  19.771851  5.932
 42    43.132 53671.16105830 18.74  95.153352  19.768551  5.932
 42    48.206 53671.16105895 18.49  95.152562  19.765251  5.932
 42    48.283 53671.16105959 17.48  95.151772  19.761951  5.932
 42    48.542 53671.16106024 16.54  95.150982  19.758651  5.932
 42    41.024 53671.16106088 18.32  95.150189  19.755355 14.322
 42    33.248 53671.16106153 21.59  95.149399  19.752055 14.322
 43    36.502 53706.16099339 14.35  95.160371  19.752370  8.064
 43    29.145 53706.16099403 19.91  95.159581  19.749070  8.064
 44    57.924 53741.16090276 13.84  95.160504  19.772562  8.749
 44    39.212 53741.16090470 19.05  95.158134  19.762672  8.749
 44    28.453 53741.16090534 21.94  95.157344  19.759372  8.749
 44    28.432 53741.16090599 25.33  95.156554  19.756072  8.749
 44    28.163 53741.16090663 27.36  95.155764  19.752772  8.749
 46    28.565 53811.16090508 30.71  95.160125  19.773234 29.488
 46    29.218 53811.16090572 32.50  95.159335  19.769934 29.488
 46    28.976 53811.16090636 34.67  95.158545  19.766634 29.488
 46    27.224 53811.16090701 46.85  95.157765  19.763334 29.488
 46    27.597 53811.16090765 52.26  95.156975  19.760034 29.488
 46    27.410 53811.16090830 50.20  95.156185  19.756734 29.488
 46    27.883 53811.16090894 33.55  95.155395  19.753434 29.488
 47    54.644 53846.16095347 14.34  95.157797  19.770892  9.600
 47    29.129 53846.16095412 18.08  95.156997  19.767592  9.600
 47    30.250 53846.16095476 19.04  95.156217  19.764292  9.600
 47    28.652 53846.16095541 23.23  95.155427  19.761002  9.600
 47    28.861 53846.16095605 28.16  95.154637  19.757702  9.600
 47    28.578 53846.16095669 27.66  95.153847  19.754402  9.600
 48    53.759 53881.16098100 12.68  95.160242  19.753044  4.635
 48    51.938 53881.16098165 11.63  95.159448  19.749747  7.997
 49    33.899 53916.16103779 18.25  95.150761  19.766730 13.683
 49    35.282 53916.16104037 12.56  95.147601  19.753540 13.683
 49    35.112 53916.16104101 14.23  95.146811  19.750240 13.683
 52    36.834 54021.16102331 53.32  95.158204  19.756055 22.919
 52    36.869 54021.16102395 49.17  95.157414  19.752755 22.919
 54    53.377 54091.16099930 13.49  95.156909  19.763166  7.568
 54    28.363 54091.16099994 18.24  95.156119  19.759866  7.568
 54    28.389 54091.16100059 20.23  95.155329  19.756566  7.568
 55    27.439 54126.16093098 29.87  95.159155  19.755502 11.727
 55    27.409 54126.16093162 33.76  95.158365  19.752202 11.727
 56    40.231 54161.16096496 10.10  95.158896  19.774720  9.110
 56    36.296 54161.16096625 14.46  95.157316  19.768120  9.110
 56    27.413 54161.16096689 18.87  95.156526  19.764820  9.110
 56    27.700 54161.16096754 24.18  95.155736  19.761520  9.110
 56    29.328 54161.16096818 28.29  95.154946  19.758220  9.110
 56    27.873 54161.16096883 26.58  95.154156  19.754930  9.110
 57    27.247 54196.16093247 31.32  95.158607  19.759010 11.185
 57    28.141 54196.16093312 32.24  95.157817  19.755710 11.185
 57    27.236 54196.16093376 28.19  95.157037  19.752410 11.185
 58    55.393 54231.16098009 14.73  95.157587  19.759604  4.454
 58    47.896 54231.16098074 16.49  95.156797  19.756314  4.454
 58    28.540 54231.16098138 19.00  95.156007  19.753014  4.454
 59    50.242 54266.16099757 15.48  95.158027  19.759848  5.917
 59    51.658 54266.16099821 13.98  95.157237  19.756548  5.917
 59    53.858 54266.16099886 12.42  95.156447  19.753248  5.917
 61    41.622 54336.16098775 28.47  95.160104  19.774124 17.853
 61    42.838 54336.16098839 27.03  95.159324  19.770824 17.853
 61    42.875 54336.16098904 28.23  95.158534  19.767524 17.853
 61    42.803 54336.16098968 25.40  95.157744  19.764224 17.853
 61    42.312 54336.16099033 23.04  95.156954  19.760924 17.853
 61    41.636 54336.16099097 22.60  95.156164  19.757634 17.853
 61    42.163 54336.16099162 19.22  95.155374  19.754334 17.853
 63    34.641 54406.16093292 30.70  95.158931  19.772993 21.220
 63    34.558 54406.16093357 33.92  95.158141  19.769693 21.220
 63    34.683 54406.16093421 36.03  95.157351  19.766393 21.220
 63    34.733 54406.16093485 38.62  95.156571  19.763093 21.220
 63    34.580 54406.16093550 40.78  95.155771  19.759793 21.220
 63    34.670 54406.16093614 43.33  95.154991  19.756493 21.220
 64    38.576 54441.16089428 17.62  95.159235  19.753703  9.480
 64    38.441 54441.16089492 13.22  95.158445  19.750403  9.480
 65    28.539 54476.16092336 24.75  95.158269  19.758497  8.418
 65    28.727 54476.16092401 25.01  95.157479  19.755197  8.418
 65    28.387 54476.16092465 22.09  95.156689  19.751897  8.418
 66    28.477 54511.16090998 24.26  95.158819  19.755615 14.438
 66    28.465 54511.16091063 21.64  95.158029  19.752315 14.438
 68    33.862 54581.16090461 11.10  95.158672  19.758054 12.000
 68    32.469 54581.16090526 12.39  95.157882  19.754754 12.000
 68    35.593 54581.16090590 12.42  95.157092  19.751454 12.000
 69    53.035 54616.16092654 13.63  95.157924  19.758072  6.601
 69    48.319 54616.16092718 16.72  95.157134  19.754772  6.601
 70    40.609 54651.16093623 19.86  95.159170  19.775243 10.864
 70    43.475 54651.16093688 19.03  95.158380  19.771943 10.864
 70    43.217 54651.16093752 19.92  95.157590  19.768643 10.864
 70    42.713 54651.16093817 19.33  95.156800  19.765343 10.864
 70    43.316 54651.16093881 17.17  95.156010  19.762043 10.864
 70    40.546 54651.16093946 19.54  95.155217  19.758747 10.640
 70    50.015 54651.16094010 16.03  95.154427  19.755447 10.640
 71    38.858 54686.16092855 35.61  95.159482  19.775380 25.485
 71    38.752 54686.16092919 31.10  95.158692  19.772090 25.485
 71    38.453 54686.16092984 27.00  95.157902  19.768790 25.485
 71    38.318 54686.16093048 23.94  95.157112  19.765490 25.485
 71    38.868 54686.16093113 21.85  95.156322  19.762190 25.485
 71    38.926 54686.16093177 23.35  95.155532  19.758890 25.485
 71    38.782 54686.16093242 22.05  95.154742  19.755590 25.485
 73    34.543 54756.16090392 44.99  95.159937  19.774817 26.070
 73    34.468 54756.16090457 29.16  95.159147  19.771517 26.070
 73    40.033 54756.16090521 25.16  95.158357  19.768217 26.070
 73    40.150 54756.16090586 24.10  95.157567  19.764917 26.070
 73    40.379 54756.16090650 20.01  95.156774  19.761622 19.389
 73    39.458 54756.16090715 24.07  95.155984  19.758322 19.389
 73    34.795 54756.16090779 24.76  95.155194  19.755022 19.389
 74    32.011 54791.16087787 38.96  95.158119  19.760264 19.849
 74    31.997 54791.16087852 43.08  95.157329  19.756964 19.849
 74    31.896 54791.16087916 41.30  95.156539  19.753664 19.849
 75    31.110 54826.16090313 21.07  95.158037  19.759821 15.658
 75    31.017 54826.16090377 27.03  95.157247  19.756521 15.658
 75    28.697 54826.16090441 30.55  95.156457  19.753221 15.658
 76    28.138 54861.16087236 33.71  95.158695  19.755372 15.553
 76    28.988 54861.16087301 31.21  95.157905  19.752082 15.553
 77    38.938 54896.16090182 11.31  95.158003  19.772943  7.990
 77    37.297 54896.16090247 12.11  95.157213  19.769643  7.990
 77    27.397 54896.16090376 22.41  95.155632  19.763047 22.537
 77    27.234 54896.16090440 29.24  95.154842  19.759747 22.537
 77    28.768 54896.16090505 29.32  95.154052  19.756447 22.537
 78    58.160 54931.16086558  8.17  95.160750  19.774373  6.886
 78    27.248 54931.16086752 16.83  95.158380  19.764473  6.886
 78    27.443 54931.16086816 24.35  95.157591  19.761176 18.286
 78    27.609 54931.16086881 31.25  95.156801  19.757876 18.286
 78    27.369 54931.16086945 31.98  95.156011  19.754576 18.286
 79    32.292 54966.16090150 21.61  95.160113  19.773971 11.257
 79    28.830 54966.16090215 20.40  95.159323  19.770671 11.257
 79    28.261 54966.16090279 20.21  95.158533  19.767371 11.257
 79    29.075 54966.16090343 21.28  95.157743  19.764071 11.257
 79    28.982 54966.16090408 23.69  95.156953  19.760771 11.257
 79    28.900 54966.16090472 30.52  95.156161  19.757474 18.477
 79    29.509 54966.16090537 29.98  95.155371  19.754174 18.477
 80    50.286 55001.16092205 18.27  95.157398  19.774007  6.510
 80    49.690 55001.16092270 18.64  95.156608  19.770707  6.510
 80    53.476 55001.16092334 15.86  95.155818  19.767407  6.510
 80    52.928 55001.16092399 14.83  95.155028  19.764107  6.510
 80    53.651 55001.16092463 14.77  95.154235  19.760812  8.536
 80    53.077 55001.16092528 13.81  95.153445  19.757512  8.536
 82    38.272 55071.16089590 42.31  95.159277  19.774993 13.414
 82    38.196 55071.16089655 37.00  95.158487  19.771693 13.414
 82    38.025 55071.16089719 30.71  95.157697  19.768393 13.414
 82    40.349 55071.16089784 28.71  95.156907  19.765093 13.414
 82    37.756 55071.16089848 29.97  95.156117  19.761793 13.414
 82    37.915 55071.16089912 31.72  95.155327  19.758493 13.414
 82    38.137 55071.16089977 32.35  95.154540  19.755195 23.757
 83    36.603 55106.16084275 33.38  95.157682  19.759277 20.695
 83    36.679 55106.16084340 33.84  95.156892  19.755977 20.695
 83    36.683 55106.16084404 36.00  95.156102  19.752677 20.695
 84    30.964 55141.16084670 15.66  95.158561  19.771604 14.634
 84    31.009 55141.16084734 15.35  95.157771  19.768304 14.634
 84    30.601 55141.16084799 16.83  95.156981  19.765004 14.634
 84    30.361 55141.16084863 19.57  95.156191  19.761704 14.634
 84    30.742 55141.16084928 20.25  95.155401  19.758404 14.634
 84    30.865 55141.16084992 21.04  95.154611  19.755104 14.634
 85    28.741 55176.16081235 22.59  95.159007  19.753176 18.206
 85    28.364 55176.16081299 21.17  95.158207  19.749886 18.206
 87    26.428 55246.16081587 38.04  95.158410  19.761122 22.077
 87    26.571 55246.16081651 39.81  95.157620  19.757822 22.077
 87    26.806 55246.16081716 40.42  95.156830  19.754522 22.077
 88    27.066 55281.16083445 14.66  95.158436  19.772618 13.908
 88    26.960 55281.16083509 18.27  95.157646  19.769318 13.908
 88    26.967 55281.16083574 22.14  95.156856  19.766018 13.908
 88    26.984 55281.16083638 28.90  95.156066  19.762718 13.908
 88    27.012 55281.16083703 38.03  95.155276  19.759419 26.485
 88    27.395 55281.16083767 35.49  95.154486  19.756119 26.485
 89    31.011 55316.16080113 48.41  95.159323  19.773184 25.935
 89    31.019 55316.16080177 50.59  95.158533  19.769884 25.935
 89    31.132 55316.16080242 49.66  95.157743  19.766584 25.935
 89    31.156 55316.16080306 49.82  95.156953  19.763284 25.935
 89    31.247 55316.16080371 49.10  95.156160  19.759987 25.079
 89    31.107 55316.16080435 51.09  95.155370  19.756687 25.079
 89    31.215 55316.16080500 46.41  95.154580  19.753387 25.079
 90    32.344 55351.16080771 14.17  95.157774  19.766231 11.903
 90    36.827 55351.16080964 13.64  95.155404  19.756335 13.743
 91    39.894 55386.16080261 21.57  95.158326  19.764347 19.713
 91    40.175 55386.16080326 19.83  95.157536  19.761047 19.713
 92    41.984 55421.16082667 18.70  95.158148  19.760705  5.386
 92    43.267 55421.16082732 15.55  95.157355  19.757408 13.550
 92    42.244 55421.16082796 16.50  95.156565  19.754108 13.550
