# NaN NaN NaN ;Mean Elev.(m), Avg Gradient(m/km), RMS Gradient(m/km) - SRTM1     
#   41.473  -3.915  12.540 ;Mean Elev.(m), Avg Gradient(m/km), RMS Gradient(m/km) - ASTER GDEM
#   48.217  -3.997  11.748 ;Mean Elev.(m), Avg Gradient(m/km), RMS Gradient(m/km) - GMTED2010 
  7    49.942 52465.16275660 11.66  94.685823  20.788149 10.292
  7    50.389 52465.16275725 11.78  94.685033  20.784849 10.292
  8    50.974 52500.16275173 32.04  94.684481  20.790017 27.429
  8    50.466 52500.16275237 29.85  94.683691  20.786727 27.429
 10    50.243 52570.16276577 27.63  94.691840  20.814329  9.341
 10    45.962 52570.16276964 30.07  94.687056  20.794542 14.893
 10    46.511 52570.16277029 31.64  94.686256  20.791242 14.893
 10    45.937 52570.16277093 35.27  94.685466  20.787942 14.893
 10    45.923 52570.16277158 40.72  94.684666  20.784642 14.893
 11    48.394 52605.16274138 16.22  94.690065  20.817076  7.387
 11    48.308 52605.16274203 19.88  94.689275  20.813776  7.387
 11    47.246 52605.16274525 17.55  94.685286  20.797287  5.429
 11    47.685 52605.16274590 17.53  94.684496  20.793987  5.429
 11    47.869 52605.16274654 19.26  94.683696  20.790687  5.429
 11    48.956 52605.16274719 19.97  94.682896  20.787397  5.429
 12    47.428 52640.16272711 15.13  94.691740  20.816600  9.275
 12    47.490 52640.16272776 18.63  94.690950  20.813300  9.275
 12    46.664 52640.16273163 17.94  94.686160  20.793510  9.275
 12    46.809 52640.16273227 21.64  94.685360  20.790210  9.275
 12    46.891 52640.16273292 15.79  94.684570  20.786920  9.275
 12    46.828 52640.16273356 14.09  94.683770  20.783620  9.275
 13    41.948 52675.16272051 29.64  94.691039  20.815832 19.256
 13    42.078 52675.16272116 31.01  94.690239  20.812532 19.256
 13    45.594 52675.16272438 31.02  94.686259  20.796042 19.256
 13    45.826 52675.16272503 33.12  94.685459  20.792742 19.256
 13    46.223 52675.16272567 30.90  94.684659  20.789452 19.256
 13    42.707 52675.16272631 38.88  94.683869  20.786152 19.256
 14    42.005 52710.16273992 28.76  94.692457  20.817262 21.643
 14    42.094 52710.16274056 27.60  94.691657  20.813962 21.643
 14    42.467 52710.16274443 30.84  94.686867  20.794172 21.643
 14    42.600 52710.16274507 33.04  94.686077  20.790872 21.643
 14    42.500 52710.16274572 42.78  94.685277  20.787582 21.643
 14    42.559 52710.16274636 47.38  94.684477  20.784282 21.643
 15    47.472 52745.16276916 26.98  94.682947  20.814063 13.096
 15    42.985 52745.16276980 30.17  94.682157  20.810763 13.096
 15    47.415 52745.16277045 26.57  94.681357  20.807473 13.096
 15    45.993 52745.16277109 27.34  94.680557  20.804173 13.096
 15    47.025 52745.16277174 18.17  94.679757  20.800873 13.096
 15    45.557 52745.16277238 23.48  94.678967  20.797573 13.096
 15    44.904 52745.16277303 23.22  94.678167  20.794273 13.096
 16    46.165 52780.16270458 18.98  94.692891  20.817233  5.849
 16    47.947 52780.16270522 18.32  94.692101  20.813943  5.849
 18    50.410 52850.16283900 43.95  94.694188  20.819620 24.808
 18    50.543 52850.16283964 44.15  94.693398  20.816320 24.808
 18    50.410 52850.16284028 43.44  94.692598  20.813030 24.808
 18    50.245 52850.16284480 35.24  94.687011  20.789942 33.281
 18    50.319 52850.16284544 30.67  94.686221  20.786642 33.281
 18    50.102 52850.16284609 27.70  94.685421  20.783342 33.281
 19    49.087 52885.16287471 34.26  94.688333  20.817281 30.017
 19    48.602 52885.16287535 41.13  94.687533  20.813991 30.017
 19    48.502 52885.16287600 41.14  94.686733  20.810691 30.017
 19    49.447 52885.16287793 23.88  94.684343  20.800791 30.017
 19    49.608 52885.16287858 24.84  94.683553  20.797501 30.017
 19    49.649 52885.16287922 29.73  94.682753  20.794201 30.017
 19    48.640 52885.16287986 29.31  94.681953  20.790901 30.017
 20    50.888 52920.16283050 33.21  94.691310  20.818534 13.154
 20    50.666 52920.16283115 28.59  94.690510  20.815234 13.154
 20    50.486 52920.16283179 42.90  94.689710  20.811944 13.154
 20    51.448 52920.16283502 34.24  94.685733  20.795445 21.570
 20    51.312 52920.16283566 32.42  94.684933  20.792155 21.570
 20    49.807 52920.16283630 40.59  94.684133  20.788855 21.570
 21    45.243 52955.16279399 17.73  94.700022  20.819649 11.204
 21    45.242 52955.16279464 17.28  94.699222  20.816349 11.204
 21    47.998 52955.16279528 17.61  94.698432  20.813049 11.204
 21    44.777 52955.16280108 23.50  94.691254  20.783372 13.165
 21    44.606 52955.16280173 28.49  94.690454  20.780072 13.165
 21    44.680 52955.16280237 29.04  94.689654  20.776772 13.165
 22    43.323 52990.16280630 27.47  94.700904  20.820895  5.901
 22    43.606 52990.16280695 29.42  94.700104  20.817595  5.901
 22    43.333 52990.16280759 30.48  94.699304  20.814295  5.901
 22    43.556 52990.16281340 52.47  94.692139  20.784618 33.366
 22    43.489 52990.16281404 51.28  94.691339  20.781318 33.366
 22    43.375 52990.16281468 50.13  94.690539  20.778018 33.366
 23    43.576 53025.16278123 17.16  94.699497  20.819582 10.932
 23    43.584 53025.16278187 15.43  94.698697  20.816282 10.932
 23    47.746 53025.16278252 15.44  94.697897  20.812982 10.932
 23    43.218 53025.16278832 41.91  94.690731  20.783302 21.674
 23    43.344 53025.16278897 47.69  94.689931  20.780002 21.674
 23    42.899 53025.16278961 46.07  94.689141  20.776702 21.674
 24    42.617 53060.16278381 27.14  94.702148  20.821429  8.045
 24    42.763 53060.16278445 41.36  94.701348  20.818129  8.045
 24    42.732 53060.16278510 49.69  94.700552  20.814832 42.910
 24    42.836 53060.16278574 50.94  94.699762  20.811532 42.910
 24    42.550 53060.16279154 52.86  94.692582  20.781852 42.910
 24    42.337 53060.16279219 42.85  94.691782  20.778552 42.910
 24    42.270 53060.16279283 47.81  94.690992  20.775262 42.910
 25    43.908 53095.16282056 34.29  94.682121  20.810975  9.706
 25    44.518 53095.16282121 29.03  94.681321  20.807675  9.706
 25    42.301 53095.16282185 24.25  94.680521  20.804375  9.706
 25    41.985 53095.16282250 23.46  94.679731  20.801075  9.706
 25    45.780 53095.16282314 27.85  94.678931  20.797785  9.706
 25    45.192 53095.16282379 27.89  94.678131  20.794485  9.706
 26    43.826 53130.16279019 28.83  94.700599  20.820136 29.696
 26    43.663 53130.16279084 30.09  94.699799  20.816836 29.696
 26    43.483 53130.16279148 29.48  94.698999  20.813546 29.696
 26    43.829 53130.16279729 45.71  94.691829  20.783856 29.696
 26    43.752 53130.16279793 46.21  94.691029  20.780566 29.696
 26    43.671 53130.16279857 44.18  94.690229  20.777266 29.696
 29    50.357 53235.16283243 28.25  94.699791  20.819458 16.393
 29    50.293 53235.16283308 28.59  94.699001  20.816168 16.393
 29    50.119 53235.16283372 28.63  94.698201  20.812868 16.393
 29    49.575 53235.16283953 20.37  94.691031  20.783188 16.393
 29    49.406 53235.16284017 20.80  94.690231  20.779888 16.393
 29    49.689 53235.16284082 23.57  94.689436  20.776589 31.248
 30    51.770 53270.16280180 24.89  94.687971  20.787679 13.593
 30    52.205 53270.16280244 23.92  94.687171  20.784379 13.593
 30    52.153 53270.16280309 24.40  94.686371  20.781079 13.593
 31    48.599 53305.16285926 43.58  94.685705  20.814730 17.387
 31    48.603 53305.16285990 39.68  94.684905  20.811430 17.387
 31    51.062 53305.16286119 39.50  94.683315  20.804840 17.387
 31    50.742 53305.16286184 43.70  94.682515  20.801540 17.387
 31    50.610 53305.16286248 38.14  94.681715  20.798240 17.387
 31    50.392 53305.16286313 33.45  94.680915  20.794940 17.387
 31    49.163 53305.16286377 36.83  94.680125  20.791650 17.387
 32    48.563 53340.16282697 17.25  94.690527  20.817513 13.648
 32    45.577 53340.16282761 23.19  94.689737  20.814213 13.648
 32    47.747 53340.16283148 18.03  94.684957  20.794423 13.648
 32    47.406 53340.16283213 31.13  94.684157  20.791133 13.648
 32    47.150 53340.16283277 38.95  94.683357  20.787833 13.648
 33    44.878 53375.16275762 15.58  94.692769  20.817181 14.788
 33    45.181 53375.16275827 17.80  94.691979  20.813881 14.788
 33    46.716 53375.16276214 18.48  94.687189  20.794091 14.788
 33    46.669 53375.16276278 26.20  94.686399  20.790801 14.788
 33    43.511 53375.16276343 29.70  94.685599  20.787501 14.788
 33    43.304 53375.16276407 27.87  94.684799  20.784201 14.788
 34    42.471 53410.16280080 30.28  94.696265  20.819246 26.456
 34    42.532 53410.16280144 30.47  94.695465  20.815946 26.456
 34    42.724 53410.16280209 31.23  94.694675  20.812646 26.456
 34    43.218 53410.16280660 46.82  94.689095  20.789566 26.456
 34    43.036 53410.16280724 38.63  94.688295  20.786266 26.456
 34    43.017 53410.16280789 37.52  94.687495  20.782966 26.456
 34    42.825 53410.16280853 39.52  94.686705  20.779666 26.456
 35    44.575 53445.16278408 26.74  94.689885  20.817405 13.379
 35    44.780 53445.16278472 27.10  94.689095  20.814105 13.379
 35    44.844 53445.16278794 28.63  94.685105  20.797615 13.379
 35    45.280 53445.16278859 28.66  94.684315  20.794315 13.379
 35    45.469 53445.16278923 40.89  94.683515  20.791025 13.379
 35    44.679 53445.16278988 34.12  94.682715  20.787725 13.379
 36    44.592 53480.16286580 29.53  94.686400  20.814548 12.280
 36    44.839 53480.16286645 41.05  94.685600  20.811248 12.280
 36    44.209 53480.16286774 27.84  94.684010  20.804658 12.280
 36    43.792 53480.16286838 28.41  94.683210  20.801358 12.280
 36    45.818 53480.16286903 27.35  94.682410  20.798058 12.280
 36    44.975 53480.16286967 40.79  94.681610  20.794758 12.280
 36    44.935 53480.16287032 38.69  94.680820  20.791468 12.280
 37    45.159 53515.16287113 22.19  94.691893  20.816462 18.550
 37    43.685 53515.16287178 25.49  94.691103  20.813162 18.550
 37    43.637 53515.16287565 27.54  94.686323  20.793372 18.550
 37    43.621 53515.16287629 33.49  94.685523  20.790082 18.550
 37    43.571 53515.16287694 37.12  94.684723  20.786782 18.550
 37    43.543 53515.16287758 46.79  94.683923  20.783482 18.550
 39    48.920 53585.16285119 25.92  94.693122  20.816787 13.607
 39    48.675 53585.16285184 23.86  94.692332  20.813487 13.607
 39    48.859 53585.16285635 21.26  94.686752  20.790407 13.607
 39    48.393 53585.16285699 20.00  94.685952  20.787107 13.607
 39    48.105 53585.16285764 24.19  94.685152  20.783807 13.607
 41    48.426 53655.16283677 32.14  94.692003  20.816913 15.091
 41    48.585 53655.16283741 32.95  94.691213  20.813613 15.091
 41    48.152 53655.16284128 34.67  94.686423  20.793823 15.091
 41    48.240 53655.16284192 38.03  94.685633  20.790533 15.091
 41    48.153 53655.16284257 41.35  94.684833  20.787233 15.091
 41    48.200 53655.16284321 41.44  94.684033  20.783933 15.091
 42    44.524 53690.16282963 29.58  94.689168  20.817633 13.530
 42    45.374 53690.16283028 28.69  94.688378  20.814333 13.530
 42    45.090 53690.16283092 35.75  94.687578  20.811033 13.530
 42    46.524 53690.16283350 30.22  94.684388  20.797843 13.530
 42    46.807 53690.16283415 31.80  94.683598  20.794543 13.530
 42    46.843 53690.16283479 45.10  94.682798  20.791253 13.530
 43    45.555 53725.16275384 16.49  94.691971  20.816956  9.824
 43    45.648 53725.16275448 17.46  94.691181  20.813656  9.824
 43    46.985 53725.16275835 16.23  94.686401  20.793866  9.824
 43    46.695 53725.16275899 24.78  94.685601  20.790576  9.824
 43    46.601 53725.16275964 22.75  94.684801  20.787276  9.824
 43    45.707 53725.16276028 21.05  94.684001  20.783976  9.824
 44    42.808 53760.16269780 23.46  94.702670  20.821700 28.667
 44    42.710 53760.16269845 22.87  94.701870  20.818410 28.667
 44    42.813 53760.16269909 26.88  94.701080  20.815110 28.667
 44    42.944 53760.16269974 34.08  94.700280  20.811810 28.667
 44    42.763 53760.16270554 37.55  94.693100  20.782130 28.667
 44    42.623 53760.16270618 39.74  94.692310  20.778830 28.667
 44    42.520 53760.16270683 35.78  94.691510  20.775530 28.667
 45    50.114 53795.16271573 17.97  94.695354  20.819954 12.486
 45    50.226 53795.16271637 19.62  94.694554  20.816654 12.486
 45    43.129 53795.16271702 20.69  94.693764  20.813354 12.486
 45    50.280 53795.16272153 22.47  94.688184  20.790264 12.486
 45    43.209 53795.16272217 29.53  94.687384  20.786974 12.486
 45    43.346 53795.16272282 27.14  94.686584  20.783674 12.486
 45    42.515 53795.16272346 24.96  94.685794  20.780374 12.486
 46    42.720 53830.16269443 39.60  94.698540  20.819037 44.527
 46    42.882 53830.16269508 40.49  94.697750  20.815737 44.527
 46    42.650 53830.16269572 46.92  94.696950  20.812437 44.527
 46    42.471 53830.16270088 42.57  94.690570  20.786057 44.527
 46    42.467 53830.16270153 51.26  94.689770  20.782757 44.527
 46    42.426 53830.16270217 48.23  94.688970  20.779457 44.527
 47    45.392 53865.16277219 18.21  94.690805  20.817494  7.866
 47    44.984 53865.16277283 19.84  94.690015  20.814194  7.866
 47    44.483 53865.16277670 18.90  94.685225  20.794404  7.866
 47    50.851 53865.16277734 15.57  94.684435  20.791114  7.866
 47    50.592 53865.16277799 16.63  94.683635  20.787814  7.866
 48    49.560 53900.16279874 32.51  94.692012  20.816969 26.586
 48    49.519 53900.16279938 39.83  94.691222  20.813669 26.586
 48    49.275 53900.16280325 30.54  94.686442  20.793879 26.586
 48    49.189 53900.16280390 31.37  94.685642  20.790589 26.586
 48    49.271 53900.16280454 32.91  94.684842  20.787289 26.586
 48    49.219 53900.16280519 34.39  94.684042  20.783989 26.586
 49    50.304 53935.16284226 26.40  94.680852  20.811914 30.062
 49    50.063 53935.16284291 24.85  94.680052  20.808614 30.062
 49    50.079 53935.16284355 23.77  94.679252  20.805324 30.062
 49    50.125 53935.16284420 28.42  94.678462  20.802024 30.062
 49    50.077 53935.16284484 33.76  94.677662  20.798724 30.062
 52    49.704 54040.16281674 18.65  94.697525  20.819837  8.897
 52    48.884 54040.16281738 16.51  94.696725  20.816547  8.897
 52    48.587 54040.16281803 16.33  94.695925  20.813247  8.897
 52    47.008 54040.16282318 19.43  94.689555  20.786867  8.897
 52    47.153 54040.16282383 20.50  94.688755  20.783567  8.897
 52    46.928 54040.16282447 23.49  94.687955  20.780267  8.897
 53    46.803 54075.16281199 16.00  94.692226  20.816778  7.732
 53    44.445 54075.16281263 18.08  94.691436  20.813478  7.732
 53    46.573 54075.16281650 19.25  94.686656  20.793688  7.732
 53    46.842 54075.16281715 25.10  94.685856  20.790388  7.732
 53    46.871 54075.16281779 24.16  94.685056  20.787098  7.732
 53    46.948 54075.16281844 17.17  94.684256  20.783798  7.732
 54    44.872 54110.16275592 27.99  94.687775  20.814585 12.619
 54    45.467 54110.16275656 27.06  94.686985  20.811285 12.619
 54    46.502 54110.16275850 25.59  94.684595  20.801395 12.619
 54    46.215 54110.16275914 25.23  94.683795  20.798095 12.619
 54    46.205 54110.16275979 32.98  94.682995  20.794795 12.619
 54    46.318 54110.16276043 43.91  94.682205  20.791505 12.619
 55    42.869 54145.16275072 30.44  94.693212  20.816900 16.225
 55    43.015 54145.16275136 31.02  94.692412  20.813600 16.225
 55    42.682 54145.16275587 32.83  94.686832  20.790520 16.225
 55    42.575 54145.16275652 31.20  94.686032  20.787220 16.225
 55    44.223 54145.16275716 33.33  94.685232  20.783920 16.225
 56    49.880 54180.16274121 16.46  94.689340  20.817241  3.625
 56    49.757 54180.16274185 17.78  94.688544  20.813942 11.605
 56    49.825 54180.16274508 21.28  94.684564  20.797452 11.605
 56    49.835 54180.16274572 22.00  94.683764  20.794152 11.605
 56    45.287 54180.16274637 30.93  94.682964  20.790852 11.605
 57    42.454 54215.16275835 33.34  94.692237  20.817300  6.689
 57    42.767 54215.16275899 32.58  94.691439  20.814001 14.336
 57    43.160 54215.16276286 36.65  94.686659  20.794211 14.336
 57    43.079 54215.16276351 34.91  94.685859  20.790911 14.336
 57    43.189 54215.16276415 34.77  94.685069  20.787621 14.336
 57    42.937 54215.16276479 32.24  94.684269  20.784321 14.336
 59    48.773 54285.16279240 18.43  94.693608  20.819440 16.279
 59    48.853 54285.16279304 23.90  94.692818  20.816140 16.279
 59    48.920 54285.16279369 26.59  94.692016  20.812843 24.723
 59    48.857 54285.16279755 22.03  94.687236  20.793053 24.723
 59    48.838 54285.16279820 25.95  94.686436  20.789753 24.723
 59    48.837 54285.16279884 28.66  94.685636  20.786463 24.723
 59    48.674 54285.16279949 30.88  94.684846  20.783163 24.723
 60    52.547 54320.16278958 27.74  94.694070  20.819252  7.757
 60    52.229 54320.16279022 26.44  94.693280  20.815952  7.757
 60    51.764 54320.16279087 26.25  94.692478  20.812654  7.320
 60    51.970 54320.16279473 23.98  94.687698  20.792864  7.320
 60    52.090 54320.16279538 23.73  94.686898  20.789574  7.320
 60    52.019 54320.16279602 24.01  94.686108  20.786274  7.320
 60    52.141 54320.16279667 22.64  94.685308  20.782974  7.320
 61    51.198 54355.16275234 49.40  94.691230  20.816234 24.055
 61    51.303 54355.16275298 35.67  94.690440  20.812934 24.055
 61    50.991 54355.16275685 21.01  94.685653  20.793145 22.042
 61    50.881 54355.16275749 20.21  94.684863  20.789845 22.042
 61    50.980 54355.16275814 32.02  94.684063  20.786545 22.042
 62    48.503 54390.16273026 33.53  94.693813  20.818780  8.351
 62    50.809 54390.16273090 26.35  94.693013  20.815480  8.351
 62    50.048 54390.16273154 25.66  94.692213  20.812190  8.351
 63    49.084 54425.16270228 25.69  94.691900  20.817658  8.941
 63    48.767 54425.16270293 21.81  94.691100  20.814358  8.941
 63    45.254 54425.16270680 33.62  94.686321  20.794579 13.492
 63    45.244 54425.16270744 33.81  94.685521  20.791279 13.492
 63    46.886 54425.16270809 33.05  94.684721  20.787979 13.492
 63    45.741 54425.16270873 33.03  94.683931  20.784679 13.492
 64    44.086 54460.16270592 32.82  94.695482  20.820309 11.501
 64    44.251 54460.16270656 41.18  94.694692  20.817009 11.501
 64    44.208 54460.16270721 43.83  94.693892  20.813719 11.501
 64    44.151 54460.16271172 47.16  94.688306  20.790631 21.889
 64    44.059 54460.16271236 38.39  94.687516  20.787331 21.889
 64    44.148 54460.16271301 28.01  94.686716  20.784031 21.889
 64    45.523 54460.16271365 28.27  94.685916  20.780731 21.889
 65    43.519 54495.16270780 28.24  94.692674  20.818208 10.609
 65    43.665 54495.16270844 35.23  94.691874  20.814908 10.609
 65    43.736 54495.16270909 38.70  94.691084  20.811608 10.609
 65    43.569 54495.16271295 33.49  94.686297  20.791819 12.842
 65    43.411 54495.16271360 30.02  94.685507  20.788519 12.842
 65    43.126 54495.16271424 30.15  94.684707  20.785229 12.842
 66    42.822 54530.16271872 25.55  94.696179  20.820720  5.971
 66    43.024 54530.16271936 24.49  94.695379  20.817420  5.971
 66    42.707 54530.16272001 24.42  94.694583  20.814123 13.441
 66    43.280 54530.16272516 38.57  94.688203  20.787743 13.441
 66    42.952 54530.16272581 34.80  94.687413  20.784443 13.441
 66    42.872 54530.16272645 30.18  94.686613  20.781143 13.441
 68    43.579 54600.16271436 26.58  94.692956  20.818779  6.394
 68    43.716 54600.16271501 33.70  94.692156  20.815479  6.394
 68    43.725 54600.16271565 43.67  94.691366  20.812179  6.394
 68    43.561 54600.16271952 34.38  94.686582  20.792391 17.802
 68    43.298 54600.16272017 29.68  94.685782  20.789091 17.802
 68    43.150 54600.16272081 28.60  94.684982  20.785791 17.802
 68    44.380 54600.16272146 27.20  94.684182  20.782501 17.802
 69    48.292 54635.16272722 17.45  94.691110  20.817853  7.912
 69    48.595 54635.16272786 15.76  94.690307  20.814556  9.733
 69    48.602 54635.16272851 18.09  94.689507  20.811256  9.733
 69    50.333 54635.16273173 14.15  94.685527  20.794766  9.733
 69    46.865 54635.16273238 20.87  94.684727  20.791466  9.733
 69    47.943 54635.16273302 23.82  94.683937  20.788176  9.733
 70    50.356 54670.16273171 29.21  94.690542  20.815967 17.971
 70    50.092 54670.16273236 24.40  94.689740  20.812668 28.793
 70    50.390 54670.16273558 34.39  94.685760  20.796178 28.793
 70    50.391 54670.16273622 35.28  94.684960  20.792878 28.793
 70    50.355 54670.16273687 30.82  94.684160  20.789588 28.793
 70    50.463 54670.16273751 26.29  94.683360  20.786288 28.793
 71    51.374 54705.16269354 27.97  94.692888  20.818714 17.590
 71    50.822 54705.16269418 22.56  94.692098  20.815414 17.590
 71    50.849 54705.16269483 20.40  94.691298  20.812114 17.590
 71    51.258 54705.16269870 18.10  94.686519  20.792324 17.880
 71    51.278 54705.16269934 20.37  94.685719  20.789024 17.880
 71    51.232 54705.16269999 29.27  94.684919  20.785734 17.880
 72    50.237 54740.16269458 23.26  94.693981  20.818483  9.572
 72    50.093 54740.16269523 23.62  94.693184  20.815187 10.610
 72    49.629 54740.16269587 18.12  94.692394  20.811887 10.610
 72    48.442 54740.16269974 22.00  94.687604  20.792107 10.610
 72    47.942 54740.16270039 31.67  94.686814  20.788807 10.610
 72    48.873 54740.16270103 30.42  94.686014  20.785507 10.610
 72    49.657 54740.16270168 22.66  94.685214  20.782207 10.610
 73    48.250 54775.16267546 39.04  94.692776  20.817575  5.662
 73    48.301 54775.16267611 45.32  94.691976  20.814277 22.849
 73    47.759 54775.16268062 35.34  94.686396  20.791187 22.849
 73    47.981 54775.16268126 43.78  94.685596  20.787897 22.849
 73    47.831 54775.16268191 42.37  94.684806  20.784597 22.849
 74    44.023 54810.16268780 35.11  94.694345  20.818614 10.748
 74    44.085 54810.16268844 37.20  94.693545  20.815314 10.748
 74    44.291 54810.16268909 40.14  94.692756  20.812016 29.301
 74    44.133 54810.16269295 50.60  94.687966  20.792226 29.301
 74    44.121 54810.16269360 49.12  94.687166  20.788926 29.301
 74    44.154 54810.16269424 41.50  94.686376  20.785636 29.301
 74    45.733 54810.16269489 28.93  94.685576  20.782336 29.301
 75    42.962 54845.16267448 25.51  94.691169  20.815744  6.146
 75    43.073 54845.16267513 33.63  94.690369  20.812447 18.556
 75    43.103 54845.16267835 37.94  94.686389  20.795957 18.556
 75    43.389 54845.16267900 30.68  94.685589  20.792657 18.556
 75    43.257 54845.16267964 30.71  94.684789  20.789357 18.556
 75    42.838 54845.16268029 26.89  94.683989  20.786067 18.556
 76    42.077 54880.16269164 32.03  94.691929  20.818116 18.187
 76    42.435 54880.16269229 32.01  94.691139  20.814816 18.187
 76    42.523 54880.16269293 40.45  94.690339  20.811516 18.187
 76    42.423 54880.16269615 40.77  94.686349  20.795026 18.187
 76    43.182 54880.16269680 34.04  94.685559  20.791736 18.187
 76    42.693 54880.16269744 31.47  94.684759  20.788436 18.187
 76    42.149 54880.16269809 29.60  94.683959  20.785136 18.187
 77    42.072 54915.16267796 22.58  94.688517  20.816937  5.893
 77    44.401 54915.16267861 23.68  94.687720  20.813637 11.341
 77    41.693 54915.16268119 29.31  94.684530  20.800447 11.341
 77    41.576 54915.16268183 33.23  94.683740  20.797147 11.341
 77    44.571 54915.16268247 36.10  94.682940  20.793847 11.341
 77    44.785 54915.16268312 40.19  94.682140  20.790547 11.341
 79    46.662 54985.16270902 17.01  94.690672  20.817677  6.820
 79    46.495 54985.16270966 17.16  94.689877  20.814380  9.237
 80    48.905 55020.16270331 15.68  94.693823  20.819454 11.723
 80    49.097 55020.16270395 19.49  94.693033  20.816154 11.723
 80    48.969 55020.16270460 21.08  94.692230  20.812856 21.856
 80    49.156 55020.16270847 17.49  94.687450  20.793066 21.856
 80    49.033 55020.16270911 23.95  94.686650  20.789766 21.856
 80    49.155 55020.16270976 26.50  94.685860  20.786476 21.856
 80    48.893 55020.16271040 26.90  94.685060  20.783176 21.856
 81    50.072 55055.16269994 37.61  94.692868  20.817541 17.904
 81    50.031 55055.16270059 29.48  94.692078  20.814241 17.904
 81    49.852 55055.16270510 23.68  94.686497  20.791152 27.216
 81    50.017 55055.16270574 27.27  94.685697  20.787852 27.216
 81    49.987 55055.16270639 28.23  94.684897  20.784562 27.216
 82    50.951 55090.16265979 38.00  94.689821  20.816773 14.437
 82    50.621 55090.16266043 29.91  94.689021  20.813473 14.437
 83    50.072 55125.16263801 34.10  94.694340  20.819826  5.015
 83    47.783 55125.16263866 32.72  94.693544  20.816530 20.549
 83    47.809 55125.16263930 35.54  94.692754  20.813230 20.549
 83    47.607 55125.16264382 42.17  94.687164  20.790150 20.549
 83    47.510 55125.16264446 45.68  94.686374  20.786850 20.549
 83    47.485 55125.16264510 42.75  94.685574  20.783550 20.549
 84    45.025 55160.16262112 23.00  94.690245  20.815904  7.465
 84    45.106 55160.16262176 26.01  94.689445  20.812605 12.919
 84    46.868 55160.16262499 23.33  94.685465  20.796115 12.919
 84    46.720 55160.16262563 29.92  94.684665  20.792815 12.919
 84    46.746 55160.16262628 40.23  94.683865  20.789515 12.919
 84    46.969 55160.16262692 23.48  94.683075  20.786225 12.919
 85    43.177 55195.16262836 18.98  94.694015  20.818199  4.652
 85    43.244 55195.16262901 20.07  94.693226  20.814902 18.044
 85    42.900 55195.16263352 23.10  94.687636  20.791812 18.044
 85    43.025 55195.16263416 23.18  94.686846  20.788522 18.044
 85    45.951 55195.16263481 17.13  94.686046  20.785222 18.044
 85    44.739 55195.16263545 21.74  94.685246  20.781922 18.044
 86    41.890 55230.16262359 21.30  94.689957  20.818298  4.552
 86    44.973 55230.16262424 20.74  94.689158  20.815001 14.895
 86    45.087 55230.16262488 22.34  94.688358  20.811701 14.895
 86    44.575 55230.16262746 24.62  94.685178  20.798511 14.895
 86    42.160 55230.16262811 41.56  94.684378  20.795211 14.895
 86    45.224 55230.16262875 36.66  94.683578  20.791911 14.895
 86    46.406 55230.16262939 27.34  94.682788  20.788621 14.895
 87    49.510 55265.16262335 22.52  94.693869  20.819456  4.230
 87    41.917 55265.16262399 30.25  94.693074  20.816158 14.598
 87    42.053 55265.16262464 28.17  94.692284  20.812858 14.598
 87    41.979 55265.16262851 24.43  94.687494  20.793068 14.598
 87    41.693 55265.16262915 19.06  94.686704  20.789778 14.598
 87    41.511 55265.16262979 20.38  94.685904  20.786478 14.598
 87    41.821 55265.16263044 19.59  94.685104  20.783178 14.598
 88    49.340 55300.16260536 17.13  94.691349  20.816733  6.300
 88    44.453 55300.16260601 21.41  94.690549  20.813443  6.300
 88    45.270 55300.16260988 17.31  94.685772  20.793652  9.204
 88    50.177 55300.16261052 15.59  94.684972  20.790352  9.204
 88    50.274 55300.16261117 13.99  94.684182  20.787052  9.204
 89    50.662 55335.16260007 12.89  94.691447  20.818256  4.093
 89    49.921 55335.16260071 13.57  94.690657  20.814956  4.093
 89    45.401 55335.16260136 13.67  94.689855  20.811658  8.703
 89    49.083 55335.16260458 16.50  94.685875  20.795168  8.703
 89    50.465 55335.16260523 15.69  94.685075  20.791868  8.703
 89    50.677 55335.16260587 13.46  94.684275  20.788568  8.703
 89    44.620 55335.16260652 20.20  94.683475  20.785278  8.703
 90    48.577 55370.16259130 17.29  94.692562  20.816564 13.578
 90    48.600 55370.16259194 16.59  94.691759  20.813266 23.629
 90    48.571 55370.16259581 19.11  94.686979  20.793476 23.629
 90    48.449 55370.16259646 28.01  94.686179  20.790186 23.629
 90    48.570 55370.16259710 30.45  94.685389  20.786886 23.629
 90    48.437 55370.16259775 30.97  94.684589  20.783586 23.629
 91    50.823 55405.16260826 33.48  94.695040  20.819331 18.977
 91    50.655 55405.16260891 23.30  94.694240  20.816031 18.977
 91    50.359 55405.16260955 22.20  94.693443  20.812733 28.864
 91    50.583 55405.16261407 24.70  94.687863  20.789653 28.864
 91    50.402 55405.16261471 25.60  94.687073  20.786353 28.864
 91    50.380 55405.16261536 29.67  94.686273  20.783053 28.864
 92    50.327 55440.16260944 38.63  94.692850  20.817422 19.144
 92    50.369 55440.16261008 27.28  94.692060  20.814122 19.144
 92    50.323 55440.16261459 35.82  94.686479  20.791033 29.586
 92    50.284 55440.16261524 38.59  94.685679  20.787733 29.586
 92    50.264 55440.16261588 44.61  94.684879  20.784443 29.586
 93    48.311 55475.16255902 35.44  94.686020  20.795054 20.183
 93    48.666 55475.16255966 34.01  94.685220  20.791754 20.183
 93    48.792 55475.16256031 43.54  94.684420  20.788464 20.183
 93    48.798 55475.16256095 45.09  94.683620  20.785164 20.183
