# NaN NaN NaN ;Mean Elev.(m), Avg Gradient(m/km), RMS Gradient(m/km) - SRTM1     
#   43.224  -4.592   9.771 ;Mean Elev.(m), Avg Gradient(m/km), RMS Gradient(m/km) - ASTER GDEM
#   61.263  -4.998   8.472 ;Mean Elev.(m), Avg Gradient(m/km), RMS Gradient(m/km) - GMTED2010 
  7    65.818 52477.64122012 20.90  95.737969  21.915004 14.698
  7    66.890 52477.64122076 15.92  95.737159  21.918294 14.698
  7    66.854 52477.64122141 16.18  95.736359  21.921594 14.698
  7    67.769 52477.64122270 19.81  95.734749  21.928194 14.698
  8    67.935 52512.64116171 46.25  95.754031  21.914894 10.361
  8    68.204 52512.64116236 45.80  95.753221  21.918194 10.361
  8    68.045 52512.64116300 46.41  95.752421  21.921494 10.361
  9    65.086 52547.64120184 39.45  95.739880  21.915998 10.905
  9    64.726 52547.64120248 40.62  95.739070  21.919288 10.905
  9    64.920 52547.64120313 37.62  95.738270  21.922588 10.905
 10    62.558 52582.64120759 40.81  95.745391  21.913949  9.201
 10    62.333 52582.64120823 39.92  95.744591  21.917249  9.201
 10    62.570 52582.64120888 42.83  95.743778  21.920541 13.070
 11    61.421 52617.64118069 43.15  95.742054  21.913578 19.513
 11    59.256 52617.64118134 47.90  95.741254  21.916878 19.513
 11    61.139 52617.64118198 47.56  95.740444  21.920168 19.513
 12    60.836 52652.64115542 41.94  95.750763  21.915741 10.240
 12    59.818 52652.64115607 45.47  95.749963  21.919041 10.240
 13    60.171 52687.64115391 47.37  95.746960  21.916192 12.413
 13    59.362 52687.64115455 47.90  95.746160  21.919482 12.413
 14    59.306 52722.64120083 50.79  95.743098  21.914570 16.054
 14    59.222 52722.64120147 53.49  95.742298  21.917860 16.054
 14    59.242 52722.64120212 49.44  95.741488  21.921160 16.054
 15    64.606 52757.64122289 19.22  95.733194  21.914602  9.735
 15    64.395 52757.64122353 17.67  95.732384  21.917902  9.735
 15    61.107 52757.64122418 18.68  95.731584  21.921192  9.735
 15    62.490 52757.64122482 15.98  95.730774  21.924492  9.735
 15    62.366 52757.64122547 15.26  95.729974  21.927792  9.735
 16    61.762 52792.64117478 45.61  95.743256  21.914791 12.546
 16    61.318 52792.64117542 46.46  95.742456  21.918081 12.546
 16    61.588 52792.64117607 46.34  95.741646  21.921381 12.546
 18    66.848 52862.64128773 25.41  95.748193  21.914219 13.568
 18    66.506 52862.64128838 19.43  95.747393  21.917519 13.568
 18    66.702 52862.64128902 20.23  95.746583  21.920809 13.568
 19    67.321 52897.64131807 22.96  95.741842  21.916709 20.706
 19    66.044 52897.64131871 20.68  95.741042  21.919999 20.706
 20    65.130 52932.64126377 44.66  95.742874  21.914662 20.552
 20    65.499 52932.64126442 40.65  95.742064  21.917962 20.552
 21    61.651 52967.64126882 44.44  95.743375  21.914451 20.923
 21    60.137 52967.64126947 50.04  95.742575  21.917751 20.923
 21    59.455 52967.64127011 49.12  95.741765  21.921041 20.923
 22    66.428 53002.64129347 21.13  95.737462  21.913106 14.518
 22    65.779 53002.64129411 18.89  95.736652  21.916406 14.518
 22    63.490 53002.64129476 20.28  95.735852  21.919696 14.518
 22    61.194 53002.64129540 25.55  95.735042  21.922996 14.518
 22    60.571 53002.64129605 27.95  95.734242  21.926296 14.518
 23    60.806 53037.64124306 46.69  95.742071  21.914780 17.975
 23    60.663 53037.64124371 46.33  95.741271  21.918080 17.975
 23    59.902 53037.64124435 50.13  95.740461  21.921380 17.975
 24    60.876 53072.64126849 45.01  95.742360  21.913979 15.743
 24    60.875 53072.64126914 47.81  95.741560  21.917279 15.743
 24    60.633 53072.64126978 47.95  95.740750  21.920569 15.743
 25    67.235 53107.64124383 13.11  95.742336  21.916591 14.217
 25    60.920 53107.64124448 18.52  95.741536  21.919891 14.217
 26    63.075 53142.64127854 42.48  95.740949  21.918045  8.976
 26    62.875 53142.64127918 33.94  95.740139  21.921345  8.976
 29    66.344 53247.64128990 31.14  95.745675  21.915164 11.626
 29    67.134 53247.64129054 21.92  95.744865  21.918464 11.626
 30    66.661 53282.64127987 44.43  95.737938  21.914721 13.416
 30    65.846 53282.64128052 43.79  95.737128  21.918021 13.416
 30    66.806 53282.64128116 46.25  95.736328  21.921321 13.416
 31    63.022 53317.64128212 46.11  95.745370  21.916587 17.196
 31    63.470 53317.64128276 44.66  95.744560  21.919877 17.196
 32    60.931 53352.64124717 45.28  95.750225  21.913347 13.965
 32    61.158 53352.64124781 49.23  95.749415  21.916647 13.965
 32    61.622 53352.64124846 47.02  95.748615  21.919937 13.965
 32    59.705 53352.64124910 40.37  95.747805  21.923237 13.965
 33    61.009 53387.64124080 46.01  95.740903  21.913308 11.082
 33    61.014 53387.64124145 45.93  95.740103  21.916608 11.082
 33    61.066 53387.64124209 48.54  95.739293  21.919898 11.082
 34    61.087 53422.64124168 45.28  95.751008  21.913952 12.712
 34    61.517 53422.64124232 34.69  95.750208  21.917252 12.712
 34    61.868 53422.64124297 41.24  95.749398  21.920542 12.712
 34    60.829 53422.64124361 37.56  95.748598  21.923842 12.712
 35    62.833 53457.64124737 45.20  95.745620  21.915270 15.754
 35    62.052 53457.64124801 47.42  95.744810  21.918560 15.754
 35    61.626 53457.64124866 44.76  95.744010  21.921860 15.754
 36    59.863 53492.64133286 33.25  95.735590  21.914257  9.620
 36    61.660 53492.64133351 22.79  95.734790  21.917557  9.620
 36    61.728 53492.64133415 20.32  95.733980  21.920847  9.620
 36    61.746 53492.64133480 21.86  95.733180  21.924147  9.620
 36    61.401 53492.64133544 28.08  95.732370  21.927447  9.620
 37    68.996 53527.64131225 13.65  95.748493  21.914379  6.174
 37    67.722 53527.64131290 12.04  95.747693  21.917679  6.174
 37    66.950 53527.64131354 11.87  95.746883  21.920969  6.174
 38    70.897 53562.64134145 15.99  95.738320  21.913276 13.379
 38    69.304 53562.64134209 15.64  95.737520  21.916566 13.379
 38    67.565 53562.64134274 17.70  95.736710  21.919866 13.379
 38    65.419 53562.64134338 22.14  95.735910  21.923166 13.379
 38    64.999 53562.64134403 25.01  95.735100  21.926456 13.379
 39    68.937 53597.64128151 18.47  95.748962  21.916394 11.120
 39    67.232 53597.64128215 18.19  95.748152  21.919684 11.120
 40    63.093 53632.64127713 46.47  95.736429  21.915624 15.428
 40    63.390 53632.64127778 43.75  95.735629  21.918924 15.428
 40    63.586 53632.64127842 45.59  95.734819  21.922214 15.428
 40    63.409 53632.64127907 41.72  95.734009  21.925514 15.428
 40    63.274 53632.64127971 43.02  95.733209  21.928814 15.428
 41    68.775 53667.64129911 19.96  95.738595  21.915098 14.884
 41    66.213 53667.64129976 19.97  95.737785  21.918388 14.884
 41    64.440 53667.64130040 21.22  95.736985  21.921688 14.884
 41    62.436 53667.64130169 36.17  95.735375  21.928278 14.884
 42    61.173 53702.64124391 45.29  95.749280  21.914523 14.439
 42    59.507 53702.64124456 42.15  95.748470  21.917823 14.439
 42    61.302 53702.64124520 35.35  95.747670  21.921113 14.439
 44    60.704 53772.64116454 42.49  95.749163  21.913661 11.479
 44    60.395 53772.64116518 46.58  95.748363  21.916951 11.479
 44    60.329 53772.64116583 45.78  95.747553  21.920251 11.479
 47    60.856 53877.64122184 36.85  95.745936  21.913875 14.563
 47    61.074 53877.64122248 27.59  95.745136  21.917175 14.563
 47    61.382 53877.64122313 23.64  95.744326  21.920465 14.563
 48    64.937 53912.64127410 42.17  95.736964  21.913573 19.221
 48    64.910 53912.64127474 44.23  95.736154  21.916873 19.221
 48    64.110 53912.64127539 45.62  95.735354  21.920173 19.221
 48    64.601 53912.64127603 44.87  95.734544  21.923463 19.221
 49    67.425 53947.64128911 41.61  95.735553  21.913982 18.192
 49    67.082 53947.64128976 41.13  95.734743  21.917282 18.192
 49    67.645 53947.64129040 37.22  95.733933  21.920572 18.192
 49    67.176 53947.64129105 41.79  95.733133  21.923872 18.192
 49    65.627 53947.64129169 36.82  95.732323  21.927172 18.192
 50    65.993 53982.64123133 48.76  95.743963  21.916434 17.301
 50    66.305 53982.64123198 45.15  95.743153  21.919724 17.301
 51    66.376 54017.64125897 46.76  95.743379  21.915176 18.965
 51    66.125 54017.64125961 45.54  95.742579  21.918476 18.965
 51    65.788 54017.64126026 46.72  95.741769  21.921766 18.965
 52    62.028 54052.64125337 48.49  95.752137  21.914711 11.171
 52    59.781 54052.64125402 53.19  95.751337  21.918011 11.171
 52    62.325 54052.64125466 45.01  95.750527  21.921311 11.171
 53    60.830 54087.64124502 47.24  95.746680  21.913681 15.549
 53    61.009 54087.64124566 47.30  95.745880  21.916981 15.549
 53    61.273 54087.64124630 47.80  95.745070  21.920281 15.549
 54    58.741 54122.64116894 45.13  95.748146  21.914663 13.680
 54    60.642 54122.64116959 43.00  95.747336  21.917963 13.680
 54    58.300 54122.64117023 41.99  95.746536  21.921253 13.680
 55    60.638 54157.64120777 43.93  95.743343  21.914566 11.188
 55    60.522 54157.64120841 49.11  95.742543  21.917856 11.188
 55    60.098 54157.64120906 45.91  95.741733  21.921156 11.188
 56    60.166 54192.64116841 45.61  95.747088  21.915014  9.845
 56    60.507 54192.64116905 42.46  95.746278  21.918314  9.845
 56    60.653 54192.64116970 29.10  95.745478  21.921614  9.845
 58    61.511 54262.64123904 47.61  95.743877  21.915125 13.948
 58    60.086 54262.64123969 49.61  95.743077  21.918425 13.948
 58    59.951 54262.64124033 32.59  95.742267  21.921725 13.948
 59    68.060 54297.64124353 24.16  95.745224  21.914761  8.681
 59    67.059 54297.64124417 19.98  95.744414  21.918051  8.681
 59    65.626 54297.64124482 20.37  95.743614  21.921351  8.681
 60    67.845 54332.64123344 45.03  95.746834  21.914279 10.892
 60    68.065 54332.64123409 46.93  95.746034  21.917569 10.892
 60    67.921 54332.64123473 47.26  95.745224  21.920869 10.892
 62    66.000 54402.64117656 43.72  95.745229  21.915195 11.658
 62    66.222 54402.64117721 46.49  95.744429  21.918495 11.658
 62    66.172 54402.64117785 49.25  95.743619  21.921795 11.658
 63    62.059 54437.64113329 43.40  95.745469  21.913669 10.110
 63    62.059 54437.64113394 46.51  95.744669  21.916969 10.110
 63    62.280 54437.64113458 47.59  95.743859  21.920259 10.110
 64    61.142 54472.64116169 38.14  95.745596  21.914021 13.041
 64    61.370 54472.64116233 42.42  95.744786  21.917321 13.041
 64    60.471 54472.64116298 46.66  95.743986  21.920621 13.041
 65    60.792 54507.64114481 44.95  95.746723  21.915619 12.190
 65    61.031 54507.64114546 46.27  95.745923  21.918909 12.190
 65    61.030 54507.64114610 44.13  95.745113  21.922209 12.190
 66    61.003 54542.64117656 44.61  95.745342  21.916197 13.192
 66    60.970 54542.64117720 46.81  95.744542  21.919487 13.192
 67    61.556 54577.64114701 45.76  95.747050  21.913548 13.732
 67    61.056 54577.64114766 48.79  95.746240  21.916848 13.732
 67    61.250 54577.64114830 47.50  95.745440  21.920148 13.732
 68    61.675 54612.64116774 37.32  95.745098  21.915334 12.720
 68    62.160 54612.64116838 25.24  95.744288  21.918624 12.720
 68    63.117 54612.64116903 21.52  95.743488  21.921924 12.720
 69    65.893 54647.64117423 22.27  95.743865  21.914389 12.569
 69    66.672 54647.64117487 17.08  95.743065  21.917679 12.569
 69    66.087 54647.64117552 18.72  95.742255  21.920979 12.569
 71    68.479 54717.64112265 43.77  95.747783  21.913602 14.651
 71    69.036 54717.64112330 44.61  95.746973  21.916892 14.651
 71    68.974 54717.64112394 43.66  95.746173  21.920192 14.651
 72    64.919 54752.64114723 44.90  95.743270  21.914406 18.300
 72    65.297 54752.64114787 47.71  95.742460  21.917696 18.300
 72    65.043 54752.64114852 45.64  95.741660  21.920996 18.300
 73    62.585 54787.64111270 46.75  95.745862  21.914691 18.727
 73    62.753 54787.64111335 46.02  95.745062  21.917981 18.727
 73    63.092 54787.64111399 47.11  95.744252  21.921281 18.727
 74    61.401 54822.64114177 45.86  95.743723  21.915197 16.323
 74    60.648 54822.64114242 51.53  95.742923  21.918497 16.323
 74    61.429 54822.64114306 42.69  95.742113  21.921787 16.323
 75    60.542 54857.64110924 47.68  95.746476  21.915756 14.704
 75    60.536 54857.64110989 47.39  95.745666  21.919056 14.704
 75    60.152 54857.64111053 47.04  95.744866  21.922356 14.704
 76    59.986 54892.64114417 46.44  95.743463  21.914990 15.302
 76    60.127 54892.64114482 47.76  95.742653  21.918290 15.302
 76    60.171 54892.64114546 46.47  95.741853  21.921590 15.302
 77    60.640 54927.64110665 42.45  95.745652  21.913541 13.354
 77    60.455 54927.64110729 48.83  95.744852  21.916831 13.354
 77    60.451 54927.64110794 47.83  95.744042  21.920131 13.354
 78    60.727 54962.64114418 46.12  95.742576  21.915353 11.692
 78    60.935 54962.64114482 46.37  95.741776  21.918653 11.692
 78    61.338 54962.64114547 44.80  95.740966  21.921953 11.692
 79    64.160 54997.64116449 41.33  95.742156  21.913427 17.291
 79    63.958 54997.64116513 43.02  95.741346  21.916717 17.291
 79    62.457 54997.64116578 39.75  95.740546  21.920017 17.291
 80    67.565 55032.64115407 26.80  95.743645  21.915170 12.488
 80    66.804 55032.64115471 21.83  95.742835  21.918460 12.488
 80    66.673 55032.64115535 22.97  95.742035  21.921760 12.488
 81    67.461 55067.64114303 43.50  95.745790  21.916212 14.536
 81    67.534 55067.64114367 46.61  95.744990  21.919512 14.536
 82    66.890 55102.64108174 34.35  95.745645  21.914193  8.797
 82    66.496 55102.64108238 29.04  95.744845  21.917493  8.797
 82    67.166 55102.64108303 27.40  95.744035  21.920793  8.797
 83    61.610 55137.64108861 36.12  95.744448  21.913479 20.049
 83    62.307 55137.64108926 34.51  95.743638  21.916779 20.049
 83    61.377 55137.64108990 29.00  95.742828  21.920069 20.049
 84    60.710 55172.64105025 44.15  95.746400  21.914485 18.117
 84    60.517 55172.64105090 44.92  95.745590  21.917785 18.117
 84    58.235 55172.64105154 38.43  95.744790  21.921085 18.117
 85    60.240 55207.64108331 46.31  95.743735  21.913837 14.757
 85    60.071 55207.64108395 44.68  95.742925  21.917127 14.757
 85    59.842 55207.64108460 46.89  95.742125  21.920427 14.757
 86    59.140 55242.64105489 46.70  95.745876  21.915039 14.734
 86    59.524 55242.64105554 46.91  95.745076  21.918339 14.734
 86    58.046 55242.64105618 45.71  95.744266  21.921639 14.734
 87    58.963 55277.64107702 45.84  95.744620  21.914775 14.658
 87    59.681 55277.64107767 44.16  95.743810  21.918065 14.658
 87    59.816 55277.64107831 37.96  95.743010  21.921365 14.658
 88    63.822 55312.64104087 32.75  95.746362  21.915031 15.905
 88    63.820 55312.64104152 34.59  95.745552  21.918331 15.905
 88    64.194 55312.64104216 38.22  95.744752  21.921631 15.905
 90    67.382 55382.64103801 28.52  95.745238  21.913794 10.896
 90    67.572 55382.64103865 23.15  95.744438  21.917094 10.896
 90    67.349 55382.64103930 23.70  95.743628  21.920384 10.896
 91    67.761 55417.64106689 42.33  95.743504  21.916202 11.468
 91    67.066 55417.64106753 40.77  95.742704  21.919502 11.468
 92    66.702 55452.64104821 45.58  95.746383  21.915702 13.846
 92    66.863 55452.64104885 48.41  95.745573  21.919002 13.846
 92    66.486 55452.64104950 45.74  95.744773  21.922302 13.846
 93    68.263 55487.64096993 38.23  95.748163  21.916472 12.053
 93    68.372 55487.64097057 40.03  95.747353  21.919772 12.053
