-135955.290    98.751     0.00    4.40
-135580.491    98.706    -0.12    4.53
-135205.704    99.442     1.96    4.46
-134830.929   100.613     3.12    4.47
-134456.166   101.149     1.43    4.60
-134081.414   100.933    -0.58    4.53
-133706.675   100.231    -1.88    4.60
-133331.948    98.946    -3.43    3.11
-132957.233    98.833    -0.30    2.30
-132582.530    98.708    -0.33    2.16
-132207.838    98.408    -0.80    3.02
-131833.159    97.758    -1.74    3.77
-131458.492    97.170    -1.57    4.00
-131083.836    97.578     1.09    3.71
-130709.193    98.100     1.39    2.87
-130334.562    98.183     0.22    2.77
-129959.942    98.100    -0.22    3.17
-129585.335    98.062    -0.10    3.29
-129210.740    97.915    -0.39    2.92
-128836.156    97.258    -1.75    3.05
-128459.643    95.783    -3.92    4.53
-128082.675    94.149    -4.34    5.07
-127705.719    92.222    -5.11    5.10
-127328.776    89.886    -6.20    3.84
-126951.844    89.283    -1.60    3.06
-126574.925    88.911    -0.99    2.09
-126198.018    89.125     0.57    1.35
-125821.123    89.783     1.75    1.40
-125444.240    90.174     1.04    1.32
-125067.369    90.539     0.97    1.24
-124690.510    90.533    -0.02    1.33
-124313.663    89.633    -2.39    1.90
-123936.829    88.174    -3.87    2.37
-123560.006    86.881    -3.43    2.30
-123183.196    85.125    -4.66    2.42
-122806.397    83.373    -4.65    2.72
-122429.611    82.583    -2.10    2.73
-122052.836    82.008    -1.53    2.12
-121676.074    81.954    -0.14    2.05
-121299.324    82.588     1.68    1.75
-120922.586    82.688     0.27    1.86
-120545.860    83.045     0.95    1.96
-120169.146    83.450     1.07    1.84
-119792.444    83.692     0.64    1.65
-119415.754    84.515     2.18    1.73
-119039.076    85.058     1.44    2.42
-118662.410    84.736    -0.86    2.91
-118285.757    83.915    -2.18    3.67
-117909.115    81.876    -5.41    4.02
-117532.485    79.633    -5.96    2.69
-117155.868    78.661    -2.58    2.34
-116779.262    78.593    -0.18    2.40
-116402.668    79.963     3.64    2.74
-116026.087    81.807     4.90    3.98
-115649.517    84.808     7.97    4.78
-115272.960    87.905     8.23    5.08
-114896.414    91.100     8.49    3.68
-114519.881    93.373     6.04    2.84
-114143.359    95.259     5.01    2.58
-113766.850    97.233     5.24    2.97
-113390.352    99.515     6.06    3.22
-113013.866   101.710     5.83    3.25
-112637.393   103.983     6.04    3.41
-112260.931   105.833     4.91    4.04
-111884.482   107.757     5.11    4.85
-111508.044   109.515     4.67    6.01
-111131.619   110.783     3.37    6.84
-110755.205   112.491     4.54    6.08
-110378.803   113.708     3.24    5.42
-110002.414   114.963     3.33    6.14
-109626.036   116.219     3.34    5.88
-109249.670   117.515     3.44    6.13
-108873.317   119.271     4.67    6.26
-108496.975   120.052     2.07    6.14
-108120.645   121.483     3.80    5.97
-107744.327   123.408     5.12    5.08
-107368.021   123.967     1.49    4.88
-106991.727   127.076     8.26    4.47
-106615.445   130.271     8.49    4.54
-106239.175   133.027     7.33    4.37
-105862.917   134.433     3.74    4.39
-105486.671   134.599     0.44    5.00
-105110.437   134.993     1.05    5.87
-104734.214   133.758    -3.28    5.05
-104358.004   133.633    -0.33    4.17
-103981.805   134.408     2.06    3.25
-103605.619   135.552     3.04    2.21
-103229.444   137.147     4.24    2.17
-102853.281   139.065     5.10    3.29
-102477.131   142.358     8.75    5.09
-102100.992   146.958    12.23    5.61
-101724.865   150.708     9.97    4.82
-101348.750   154.481    10.03    4.50
-100972.647   157.546     8.15    4.13
-100596.555   160.308     7.34    4.03
-100220.476   162.174     4.96    3.36
 -99844.408   163.100     2.46    3.33
 -99468.353   164.491     3.70    4.17
 -99092.309   164.937     1.19    4.20
 -98716.277   166.783     4.91    4.21
 -98340.257   168.733     5.19    4.01
 -97964.249   170.003     3.38    3.78
 -97588.253   171.783     4.74    3.31
 -97212.269   173.344     4.15    3.61
 -96836.296   175.856     6.68    4.26
 -96460.336   178.065     5.88    4.05
 -96084.387   180.583     6.70    4.01
 -95708.450   183.258     7.12    4.01
 -95332.525   185.271     5.35    3.81
 -94956.612   187.100     4.87    3.03
 -94580.711   188.681     4.20    2.45
 -94204.822   189.832     3.06    3.58
 -93828.944   190.758     2.46    3.98
 -93453.078   191.564     2.14    3.86
 -93077.224   193.466     5.06    3.70
 -92701.382   195.808     6.23    4.23
 -92325.552   198.212     6.40    3.90
 -91949.734   200.625     6.42    3.56
 -91573.927   203.295     7.10    4.61
 -91198.132   206.208     7.75    5.67
 -90822.349   209.933     9.91    5.59
 -90446.578   214.198    11.35    4.66
 -90070.819   217.040     7.56    4.46
 -89695.072   218.807     4.70    3.94
 -89319.336   219.633     2.20    3.61
 -88943.612   219.093    -1.44    4.17
 -88567.900   218.905    -0.50    4.35
 -88192.200   217.963    -2.51    4.14
 -87816.512   217.593    -0.98    4.25
 -87440.835   217.967     1.00    4.95
 -87065.170   218.417     1.20    5.09
 -86689.517   218.908     1.31    4.72
 -86313.876   217.686    -3.25    4.77
 -85938.246   217.333    -0.94    4.80
 -85562.629   218.245     2.43    5.61
 -85187.023   222.583    11.55    6.58
 -84811.429   227.593    13.34    6.89
 -84435.846   231.583    10.63    6.11
 -84060.276   235.442    10.27    5.88
 -83684.717   238.033     6.90    6.59
 -83309.170   240.983     7.86    7.48
 -82933.635   243.117     5.68    8.79
 -82558.111   242.908    -0.55    7.05
 -82182.599   240.076    -7.54    7.08
 -81807.099   238.283    -4.77    6.54
 -81431.611   237.832    -1.20    7.06
 -81056.135   239.967     5.69    9.24
 -80680.670   247.140    19.11    9.79
 -80305.217   252.681    14.76    8.68
 -79929.776   255.637     7.87    6.43
 -79554.346   257.271     4.35    5.29
 -79178.928   256.383    -2.36    4.84
 -78803.522   253.831    -6.80    5.09
 -78428.128   251.125    -7.21    5.93
 -78052.745   245.930   -13.84    7.21
 -77677.374   239.633   -16.77    7.16
 -77302.015   234.856   -12.73    6.98
 -76926.668   229.806   -13.46    5.99
 -76551.332   225.527   -11.40    5.76
 -76176.008   220.686   -12.90    6.14
 -75800.695   215.247   -14.49    6.82
 -75425.395   209.978   -14.04    6.91
 -75050.106   204.808   -13.78    5.93
 -74674.829   199.783   -13.39    5.33
 -74299.563   195.408   -11.66    5.29
 -73924.309   190.783   -12.33    5.03
 -73549.067   185.856   -13.13    4.78
 -73173.837   181.558   -11.46    5.06
 -72798.618   177.408   -11.06    5.50
 -72423.411   172.539   -12.98    6.06
 -72048.215   167.625   -13.10    5.93
 -71673.031   161.860   -15.37    6.51
 -71297.859   156.911   -13.19    5.58
 -70922.699   151.759   -13.74    5.34
 -70547.550   146.637   -13.65    5.38
 -70172.413   142.758   -10.34    5.03
 -69797.288   139.083    -9.80    4.50
 -69422.174   136.704    -6.34    2.82
 -69047.072   136.878     0.46    3.04
 -68671.981   137.732     2.28    3.43
 -68296.903   137.183    -1.46    3.81
 -67921.835   137.133    -0.13    4.11
 -67546.780   135.604    -4.08    3.95
 -67171.736   133.420    -5.82    4.32
 -66796.704   131.117    -6.14    5.29
 -66421.683   128.158    -7.89    5.37
 -66046.674   126.008    -5.73    4.34
 -65671.677   125.344    -1.77    3.90
 -65296.691   125.179    -0.44    3.30
 -64921.717   125.283     0.28    3.73
 -64546.755   123.208    -5.53    4.24
 -64171.804   121.188    -5.39    4.28
 -63796.865   119.613    -4.20    4.74
 -63421.937   118.564    -2.80    5.36
 -63047.021   118.683     0.32    5.58
 -62672.116   117.408    -3.40    5.23
 -62297.224   115.658    -4.67    4.66
 -61922.342   114.076    -4.22    4.55
 -61547.473   112.408    -4.45    4.19
 -61172.615   111.033    -3.67    4.20
 -60797.768   109.222    -4.83    4.85
 -60422.934   108.091    -3.02    6.01
 -60048.110   108.758     1.78    7.29
 -59673.299   109.988     3.28    7.19
 -59298.499   111.307     3.52    6.11
 -58923.710   110.515    -2.11    5.25
 -58548.933   108.247    -6.05    5.09
 -58174.168   104.458   -10.11    4.44
 -57799.414   101.178    -8.75    4.36
 -57424.672    98.079    -8.27    5.29
 -57049.941    93.708   -11.66    6.13
 -56675.222    89.483   -11.28    6.30
 -56300.515    84.710   -12.74    4.90
 -55925.819    81.501    -8.56    3.68
 -55551.134    79.016    -6.63    3.75
 -55176.461    76.963    -5.48    4.12
 -54801.800    73.608    -8.95    4.86
 -54427.150    69.320   -11.45    4.78
 -54052.512    65.734    -9.57    5.55
 -53677.835    61.881   -10.29    4.85
 -53300.896    59.467    -6.40    4.19
 -52923.968    58.208    -3.34    4.33
 -52547.051    60.308     5.57    8.11
 -52170.146    66.344    16.02   11.60
 -51793.253    76.033    25.71   15.06
 -51416.372    84.835    23.35   11.71
 -51039.502    88.783    10.48   10.35
 -50662.644    85.393    -9.00   14.62
 -50285.798    78.958   -17.08   16.03
 -49908.963    70.881   -21.44   13.20
 -49532.140    68.783    -5.57   13.33
 -49155.329    67.552    -3.27   16.30
 -48778.529    70.783     8.57   19.99
 -48401.741    82.033    29.86   25.92
 -48024.965    98.208    42.93   38.65
 -47648.200   117.258    50.56   44.36
 -47271.447   113.930    -8.84   44.65
 -46894.705    97.310   -44.12   42.77
 -46517.975    97.212    -0.26   36.89
 -46141.257    97.681     1.24   37.57
 -45764.550   123.442    68.39   50.41
 -45387.855   168.633   119.97   49.21
 -45011.172   186.783    48.19   35.10
 -44634.500   188.926     5.69   32.11
 -44257.840   170.527   -48.85   42.83
 -43881.192   144.491   -69.13   33.90
 -43504.555   132.158   -32.74   29.70
 -43127.929   118.008   -37.57   31.67
 -42751.316   117.670    -0.90   29.68
 -42374.714   129.204    30.63   32.14
 -41998.123   135.483    16.67   29.17
 -41621.544   135.158    -0.86   30.62
 -41244.977   134.125    -2.74   28.41
 -40868.421   139.434    14.10   32.45
 -40491.877   155.336    42.23   31.13
 -40115.344   159.758    11.75   25.37
 -39738.824   152.491   -19.30   29.23
 -39362.314   139.076   -35.63   31.57
 -38985.816   129.320   -25.91   25.67
 -38609.330   128.963    -0.95   22.06
 -38232.855   125.270    -9.81   23.61
 -37856.392   123.783    -3.95   23.12
 -37479.941   121.856    -5.12   23.15
 -37103.501   125.758    10.36   21.04
 -36727.073   131.417    15.04   16.47
 -36350.656   133.100     4.47   16.10
 -35974.250   130.911    -5.82   14.48
 -35597.857   131.833     2.45   14.47
 -35221.475   130.108    -4.58   14.62
 -34845.104   128.515    -4.23   15.32
 -34468.745   126.100    -6.42   15.95
 -34092.397   119.809   -16.72   14.96
 -33716.061   112.174   -20.29   14.35
 -33339.737   103.552   -22.91   15.65
 -32963.424    92.658   -28.95   18.27
 -32587.122    80.417   -32.53   18.40
 -32210.832    70.033   -27.60   15.19
 -31834.554    59.640   -27.62   13.34
 -31458.287    51.552   -21.50   14.61
 -31082.032    46.259   -14.07   12.77
 -30705.788    44.905    -3.60   11.24
 -30329.556    44.033    -2.32   10.86
 -29953.335    45.062     2.74   10.15
 -29577.126    45.389     0.87    7.50
 -29200.928    43.688    -4.52    5.05
 -28824.742    45.683     5.30    6.51
 -28448.567    49.174     9.28    8.18
 -28072.403    51.458     6.07    9.01
 -27696.252    50.552    -2.41    7.72
 -27320.111    45.466   -13.52    8.52
 -26943.983    40.174   -14.07    6.43
 -26567.865    38.222    -5.19    5.59
 -26191.759    38.613     1.04    6.34
 -25815.665    43.908    14.08    9.11
 -25439.582    51.683    20.67   11.81
 -25063.510    59.450    20.65   11.21
 -24687.450    65.958    17.31    7.85
 -24311.402    69.083     8.31    6.54
 -23935.365    71.117     5.41    8.51
 -23559.339    72.613     3.98   11.56
 -23183.325    71.911    -1.86   16.01
 -22807.322    73.333     3.78   16.28
 -22431.331    73.383     0.13   16.35
 -22055.351    79.393    15.98   19.50
 -21679.383    80.613     3.24   21.49
 -21303.426    80.930     0.84   22.13
 -20927.481    82.808     5.00   18.93
 -20551.547    82.310    -1.33   15.92
 -20175.624    82.807     1.32   12.41
 -19799.713    80.734    -5.51   11.70
 -19423.813    75.983   -12.64   11.88
 -19047.925    67.710   -22.01   11.60
 -18672.048    60.310   -19.69   10.83
 -18296.183    52.388   -21.08   11.28
 -17920.328    44.908   -19.90    8.34
 -17544.486    42.008    -7.72    5.85
 -17168.655    41.491    -1.38    5.22
 -16792.835    43.527     5.42    6.55
 -16417.026    45.164     4.36    5.86
 -16041.229    47.091     5.13    5.61
 -15665.444    47.808     1.91    4.29
 -15289.670    51.033     8.58    4.94
 -14913.907    54.758     9.91    5.43
 -14538.155    58.832    10.84    6.73
 -14162.415    62.678    10.24    6.48
 -13786.687    67.905    13.91    8.53
 -13410.969    75.533    20.30   11.00
 -13035.263    81.198    15.08   10.42
 -12659.569    87.283    16.20    8.85
 -12283.886    87.734     1.20    9.17
 -11908.214    84.758    -7.92   10.48
 -11532.554    79.271   -14.61   11.85
 -11156.905    71.808   -19.87   11.53
 -10781.267    64.369   -19.81   12.43
 -10405.641    54.858   -25.32   11.21
 -10030.026    44.883   -26.56   10.95
  -9654.422    36.994   -21.00    8.49
  -9278.830    31.736   -14.00    7.21
  -8903.249    28.040    -9.84    5.00
  -8527.679    25.905    -5.68    4.32
  -8152.121    23.508    -6.38    3.28
  -7776.574    22.014    -3.98    2.91
  -7401.039    20.331    -4.48    3.33
  -7025.515    17.835    -6.65    3.68
  -6650.002    15.978    -4.94    3.47
  -6274.500    13.860    -5.64    3.19
  -5899.010    12.708    -3.07    3.17
  -5523.531    10.897    -4.82    4.05
  -5148.064     8.467    -6.47    4.84
  -4772.607     4.483   -10.61    6.49
  -4397.162    -0.461   -13.17    5.07
  -4021.729    -2.119    -4.42    3.45
  -3646.306    -1.788     0.88    3.29
  -3270.895    -0.037     4.66    3.17
  -2895.496     1.233     3.38    2.02
  -2520.107     1.658     1.13    1.34
  -2144.730     1.564    -0.25    1.08
  -1769.364     1.233    -0.88    1.22
  -1394.010     0.358    -2.33    2.23
  -1018.667    -0.442    -2.13    2.41
   -643.335    -0.617    -0.47    2.48
   -268.014    -0.042     1.53    3.13
    107.295     0.483     1.40    3.19
    482.593     1.033     1.47    2.48
    857.880     1.076     0.11    2.40
   1233.156     0.247    -2.21    2.59
   1608.420     0.295     0.13    2.98
   1983.673     0.168    -0.34    3.31
   2358.915     0.574     1.08    3.11
   2734.145     1.003     1.14    2.15
   3109.364     0.783    -0.59    1.78
   3484.572     0.417    -0.98    1.68
   3859.769     0.362    -0.15    1.62
   4234.955     0.272    -0.24    1.79
   4610.129     0.383     0.30    1.84
   4985.292     0.308    -0.20    1.65
   5360.443     0.783     1.27    1.74
   5735.584     1.399     1.64    2.41
   6110.713     2.069     1.79    2.65
   6485.831     2.652     1.55    2.60
   6860.938     3.233     1.55    2.26
   7236.034     4.008     2.07    2.65
   7611.118     3.856    -0.40    2.58
   7986.191     3.658    -0.53    2.51
   8361.253     3.231    -1.14    2.10
   8736.304     2.835    -1.06    1.21
   9111.343     2.558    -0.74    1.21
   9486.371     2.508    -0.13    1.43
   9861.388     4.100     4.25    3.95
  10236.394     6.583     6.62    6.87
  10611.389    11.233    12.40    8.96
  10986.372    16.351    13.65    8.67
  11361.345    19.933     9.55    5.54
  11736.306    20.283     0.93    3.15
  12111.255    19.408    -2.33    3.32
  12486.194    17.958    -3.87    3.69
  12861.122    16.783    -3.13    4.62
  13236.038    17.259     1.27    5.02
  13610.943    18.014     2.01    5.69
  13985.837    20.930     7.78    7.12
  14360.720    23.710     7.42    7.20
  14735.591    24.508     2.13    6.46
  15110.452    23.481    -2.74    5.73
  15485.301    21.494    -5.30    4.64
  15860.139    20.355    -3.04    3.56
  16234.966    21.758     3.74    5.70
  16609.782    22.149     1.04    6.65
  16984.586    23.369     3.25    7.69
  17359.380    24.655     3.43    7.77
  17734.162    22.933    -4.59    6.96
  18108.933    21.836    -2.93    6.31
  18483.693    21.759    -0.21    6.47
  18858.442    21.433    -0.87    6.89
  19233.180    22.133     1.87    7.22
  19607.907    21.683    -1.20    6.84
  19982.622    19.270    -6.44    5.96
  20357.326    17.142    -5.68    4.50
  20732.020    15.915    -3.28    4.15
  21106.702    16.539     1.67    4.90
  21481.915    16.881     0.91    5.21
  21858.813    17.683     2.13    5.60
  22235.699    17.183    -1.33    4.96
  22612.574    16.415    -2.04    3.50
  22989.437    16.736     0.85    2.94
  23366.289    17.515     2.07    2.96
  23743.130    18.733     3.23    2.67
  24119.960    19.208     1.26    2.02
  24496.779    19.994     2.08    2.81
  24873.586    20.458     1.23    2.87
  25250.382    20.658     0.53    2.93
  25627.167    21.408     1.99    3.48
  26003.940    21.856     1.19    4.55
  26380.703    23.655     4.77    5.48
  26757.454    25.450     4.76    4.88
  27134.194    27.450     5.31    4.47
  27510.923    28.058     1.61    3.04
  27887.640    27.808    -0.66    2.27
  28264.346    28.270     1.23    2.20
  28641.041    28.027    -0.65    1.84
  29017.725    28.162     0.36    1.53
  29394.398    28.149    -0.03    1.46
  29771.059    28.308     0.42    1.18
  30147.710    28.533     0.60    1.26
  30524.349    28.908     1.00    1.36
  30900.977    29.967     2.81    2.36
  31277.593    32.835     7.61    4.26
  31654.199    35.683     7.56    4.82
  32030.793    38.091     6.39    4.32
  32407.376    41.233     8.34    3.73
  32783.948    43.389     5.72    3.44
  33160.509    45.937     6.77    4.02
  33537.059    49.125     8.47    4.36
  33913.597    51.442     6.15    4.61
  34290.124    52.783     3.56    4.85
  34666.640    52.233    -1.46    5.08
  35043.145    49.558    -7.10    5.16
  35419.639    46.604    -7.85    4.83
  35796.122    45.307    -3.44    3.86
  36172.593    45.247    -0.16    3.28
  36549.054    46.158     2.42    3.25
  36925.503    47.383     3.25    3.20
  37301.941    47.231    -0.41    3.37
  37678.368    46.760    -1.25    3.36
  38054.783    45.558    -3.19    3.44
  38431.188    44.295    -3.35    2.93
  38807.581    44.100    -0.52    2.92
  39183.964    45.501     3.72    3.60
  39560.335    48.617     8.28    4.71
  39936.695    51.040     6.44    3.91
  40313.044    51.807     2.04    3.67
  40689.382    51.008    -2.12    4.35
  41065.709    48.732    -6.05    4.17
  41442.024    47.564    -3.10    3.52
  41818.329    47.918     0.94    3.21
  42194.622    47.683    -0.62    3.01
  42570.904    46.483    -3.19    3.92
  42947.175    43.433    -8.11    4.75
  43323.436    40.958    -6.58    4.14
  43699.685    39.706    -3.33    3.20
  44075.922    39.883     0.47    3.35
  44452.149    42.003     5.63    4.54
  44828.365    44.258     6.00    4.49
  45204.570    44.588     0.88    4.29
  45580.763    45.258     1.78    3.98
  45956.946    44.501    -2.01    4.25
  46333.117    42.835    -4.43    4.41
  46709.277    42.198    -1.69    5.08
  47085.426    39.198    -7.98    4.64
  47461.565    37.052    -5.71    4.35
  47837.692    34.258    -7.43    4.07
  48213.808    32.310    -5.18    4.16
  48589.913    30.620    -4.49    4.76
  48966.007    28.008    -6.95    5.91
  49342.089    24.809    -8.51    6.41
  49718.161    20.003   -12.78    4.67
  50094.222    16.732    -8.70    3.68
  50470.272    14.402    -6.19    2.69
  50846.310    13.014    -3.69    2.34
  51222.338    12.458    -1.48    2.58
  51598.354    12.369    -0.24    2.61
  51974.360    11.476    -2.38    2.83
  52350.354    10.545    -2.47    1.99
  52726.338    10.336    -0.56    1.75
  53102.310     9.983    -0.94    1.95
  53478.272     9.658    -0.86    1.99
  53854.222     9.930     0.72    3.37
  54230.161    11.608     4.47    4.61
  54606.090    13.757     5.72    4.83
  54982.007    17.296     9.41    3.55
  55357.913    19.208     5.09    2.64
  55733.809    20.358     3.06    2.81
  56109.693    22.308     5.19    2.61
  56485.566    23.533     3.26    2.54
  56861.429    25.809     6.05    3.55
  57237.280    29.731    10.43    7.01
  57613.120    32.208     6.59    7.78
  57988.950    35.734     9.38    7.47
  58364.768    38.458     7.25    7.26
  58740.575    41.658     8.51    9.34
  59116.372    45.941    11.40   11.51
  59492.157    50.878    13.14   12.53
  59867.931    55.142    11.35   13.18
  60243.695    57.258     5.63   12.52
  60619.447    56.508    -2.00   11.78
  60995.189    55.629    -2.34   10.09
  61370.919    56.920     3.43    8.17
  61746.639    58.322     3.73    6.84
  62122.347    62.058     9.94    6.84
  62498.045    66.233    11.11    7.36
  62873.732    68.658     6.45    7.89
  63249.407    70.474     4.83    8.25
  63625.072    72.020     4.12    8.84
  64000.726    71.583    -1.16    7.61
  64376.369    71.933     0.93    6.72
  64752.001    72.661     1.94    5.33
  65127.622    74.083     3.79    5.38
  65503.232    77.020     7.82    5.93
  65878.831    80.322     8.79    7.32
  66254.419    83.564     8.63    7.46
  66629.996    84.458     2.38    7.22
  67005.563    86.930     6.58    7.24
  67381.118    88.708     4.74    6.95
  67756.662    91.533     7.52    8.20
  68132.196    96.200    12.43    7.82
  68507.719   103.258    18.80   10.38
  68883.230   110.158    18.37   12.31
  69258.731   116.508    16.91   11.66
  69634.221   124.408    21.04   10.74
  70009.700   127.783     8.99    8.88
  70385.168   124.140    -9.70   11.46
  70760.625   118.681   -14.54   13.08
  71136.072   111.247   -19.80   11.26
  71511.507   104.856   -17.02    8.42
  71886.932   101.783    -8.19    6.57
  72262.345   101.574    -0.56    7.24
  72637.748   105.046     9.25    8.66
  73013.140   108.458     9.09   10.18
  73388.521   115.608    19.05    9.06
  73763.891   118.661     8.13    8.08
  74139.250   122.140     9.27   10.60
  74514.599   124.347     5.88    9.71
  74889.936   122.076    -6.05    9.68
  75265.263   119.661    -6.43    9.46
  75640.579   119.198    -1.23   10.91
  76015.883   122.283     8.22   14.70
  76391.178   132.527    27.29   18.76
  76766.461   136.908    11.67   21.60
  77141.733   133.233    -9.79   26.74
  77516.995   124.508   -23.25   30.48
  77892.245   107.527   -45.25   30.67
  78267.485    95.083   -33.16   21.89
  78642.714   102.393    19.48   28.24
  79017.932   108.883    17.30   31.83
  79393.139   104.393   -11.97   29.84
  79768.336   109.040    12.38   34.22
  80143.521   110.661     4.32   33.62
  80518.696   107.100    -9.49   30.45
  80893.860   103.333   -10.04   24.59
  81269.013    96.637   -17.85   20.18
  81644.156    86.862   -26.05   11.48
  82019.287    87.355     1.31   13.21
  82394.408    94.858    20.00   16.43
  82769.518    97.491     7.02   16.25
  83144.617    97.593     0.27   15.19
  83519.705    99.373     4.75   12.39
  83894.783    93.140   -16.62   10.16
  84269.849    87.347   -15.44    9.55
  84644.905    82.858   -11.97    5.20
  85019.950    81.858    -2.67    3.87
  85394.984    83.533     4.47    4.76
  85770.008    85.858     6.20    4.69
  86145.021    88.625     7.38    4.43
  86520.023    90.270     4.39    4.17
  86895.014    91.759     3.97    4.56
  87269.994    93.133     3.67    4.84
  87644.964    94.930     4.79    6.78
  88019.922    96.458     4.08    6.48
  88394.870    98.033     4.20    6.06
  88769.808    99.652     4.32    5.49
  89144.734   102.052     6.40    5.52
  89519.650   106.393    11.58    7.40
  89894.555   111.247    12.95    8.16
  90269.449   117.058    15.50   12.02
  90644.333   129.168    32.30   27.39
  91019.205   143.450    38.10   32.90
  91394.067   148.501    13.47   31.03
  91768.918   152.258    10.02   28.19
  92143.759   151.091    -3.11   25.18
  92518.589   145.483   -14.96   24.34
  92893.408   151.411    15.81   27.34
  93268.216   162.204    28.79   35.32
  93643.013   169.683    19.95   34.08
  94017.800   172.033     6.27   31.71
  94392.576   165.174   -18.30   27.67
  94767.342   156.027   -24.40   15.63
  95142.096   165.758    25.96   25.61
  95516.840   181.911    43.10   35.85
  95891.573   192.389    27.96   35.86
  96266.296   197.333    13.19   29.69
  96642.018   202.040    12.53   23.88
  97018.877   202.283     0.65   17.08
  97395.726   214.333    31.97   29.79
  97772.564   239.204    66.00   52.06
  98149.392   269.333    79.95   61.72
  98526.208   283.733    38.21   60.15
  98903.014   279.433   -11.41   67.28
  99279.809   252.783   -70.72   66.16
  99656.593   226.540   -69.65   54.66
 100033.366   239.974    35.65   59.35
 100410.128   268.963    76.94   76.22
 100786.880   314.564   121.03  105.16
 101163.621   399.558   225.59  120.11
 101540.350   473.911   197.35   88.63
 101917.070   521.759   127.00   72.27
 102293.778   536.322    38.65   75.05
 102670.475   522.832   -35.81   90.89
 103047.162   497.014   -68.54  103.40
 103423.838   477.983   -50.52  108.66
 103800.503   476.690    -3.43  110.70
 104177.158   490.573    36.85  106.31
 104553.801   486.908    -9.73   95.94
 104930.434   494.858    21.11   85.97
 105307.056   507.222    32.83   83.77
 105683.667   533.930    70.91   94.43
 106060.268   575.731   110.99  113.03
 106436.857   647.158   189.66  108.00
 106813.436   709.658   165.96   86.57
 107190.004   768.295   155.70   87.04
 107566.562   821.333   140.84   79.00
 107943.108   855.158    89.82   66.13
 108319.644   875.014    52.73   65.95
 108696.169   871.733    -8.71   72.41
 109072.684   884.308    33.40   68.43
 109449.187   908.108    63.21   64.22
 109825.680   921.983    36.85   48.93
 110202.162   898.483   -62.42   74.86
 110578.634   841.270  -151.96  104.03
 110955.094   751.733  -237.82  114.79
 111331.544   667.564  -223.57  102.74
 111707.983   593.108  -197.77  103.57
 112084.412   519.833  -194.64   94.91
 112460.830   495.783   -63.89   69.48
 112837.236   537.545   110.94   90.75
 113213.633   609.373   190.82  102.97
 113590.018   686.833   205.79   96.91
 113966.393   763.258   203.04   96.30
 114342.757   814.424   135.94  103.74
 114719.111   876.830   165.80  101.87
 115095.453   942.552   174.62   85.61
 115471.785  1001.883   157.64   78.58
 115848.107  1070.033   181.08   73.75
 116224.417  1125.604   147.66   62.51
 116600.717  1165.545   106.13   63.17
 116977.006  1207.652   111.89   68.19
 117353.285  1234.633    71.70   74.83
 117729.552  1248.158    35.94   69.09
 118105.810  1235.661   -33.21   70.33
 118482.056  1184.758  -135.28   84.61
 118858.292  1106.351  -208.38   93.29
 119234.517  1025.501  -214.88   98.46
 119610.731   974.308  -136.06   77.31
 119986.935   975.133     2.19   80.23
 120363.128  1012.450    99.19  110.07
 120739.310  1055.058   113.26  111.86
 121115.482  1047.758   -19.41  109.99
 121491.643  1005.270  -112.94  110.01
 121867.793   995.408   -26.21   76.61
 122243.933  1015.588    53.65   93.47
 122620.062  1080.983   173.85   96.70
 122996.181  1134.933   143.43   72.27
 123372.288  1137.731     7.44   82.60
 123748.386  1071.498  -176.09  119.30
 124124.472   981.604  -239.00  124.99
 124500.548   905.058  -203.52  109.15
 124876.613   837.658  -179.21   91.43
 125252.668   798.937  -102.96   86.84
 125628.712   760.331  -102.66   82.09
 126004.745   715.988  -117.91   76.27
 126380.767   708.783   -19.16   71.67
 126756.780   736.283    73.13   93.06
 127132.781   791.963   148.07  104.95
 127508.772   878.855   231.08  118.67
 127884.752   947.020   181.29  101.96
 128260.721   958.758    31.22   87.23
 128636.680   925.558   -88.30   98.14
 129012.629   866.783  -156.32  104.52
 129388.567   799.458  -179.07   95.86
 129764.494   739.394  -159.76   82.12
 130140.410   728.546   -28.85   76.31
 130516.316   744.283    41.86   86.93
 130892.211   767.108    60.72   86.39
 131268.096   785.958    50.14   88.92
 131643.970   793.233    19.35  108.87
 132019.834   773.347   -52.90  137.01
 132395.687   728.351  -119.71  139.69
 132771.529   697.433   -82.25  142.14
 133147.361   605.734  -243.97  140.64
 133523.182   536.108  -185.25  112.22
 133898.993   490.633  -120.99   74.25
 134274.793   502.099    30.51   84.61
 134650.583   536.998    92.86   97.66
 135026.362   614.476   206.16  101.16
 135402.130   706.860   245.83  121.17
 135777.888   793.258   229.91  113.34
 136153.635   817.706    65.06  100.08
 136529.372   780.498   -99.02  128.90
 136905.098   685.347  -253.22  136.85
 137280.814   627.758  -153.26  130.24
 137656.519   577.583  -133.54  121.78
 138032.213   564.491   -34.85  113.69
 138407.897   546.466   -47.97  122.42
 138783.571   499.178  -125.86  132.55
 139159.234   453.833  -120.70  135.78
 139534.886   410.933  -114.19  114.61
 139910.528   374.930   -95.84   87.80
 140286.159   356.258   -49.70   73.52
 140661.780   353.467    -7.43   69.63
 141037.390   354.296     2.21   73.64
 141412.990   374.533    53.87   81.32
 141788.579   410.258    95.11   84.95
 142164.158   470.564   160.55  102.37
 142539.726   535.808   173.71   92.47
 142915.284   608.658   193.96   80.18
 143290.831   666.257   153.36   87.98
 143666.368   733.808   179.86   88.21
 144041.894   772.883   104.05   78.10
 144417.410   793.539    55.00   60.60
 144792.915   794.408     2.31   64.68
 145168.409   758.937   -94.46   78.55
 145543.894   687.140  -191.19   71.49
 145919.367   640.194  -125.02   59.70
 146294.831   600.933  -104.55   72.02
 146670.283   545.552  -147.49   92.45
 147045.726   492.833  -140.41  101.57
 147421.157   425.450  -179.47   91.20
 147796.579   377.467  -127.80   72.89
 148171.989   352.983   -65.21   62.26
 148547.390   336.033   -45.15   49.02
 148922.780   322.905   -34.97   47.90
 149298.159   321.613    -3.44   52.66
 149673.528   326.336    12.58   48.85
 150048.887   319.245   -18.89   51.86
 150424.235   309.358   -26.34   54.20
 150799.572   303.008   -16.92   59.24
 151174.899   315.158    32.37   83.03
 151550.216   330.604    41.15  104.26
 151925.522   336.065    14.55  111.27
 152300.818   315.505   -54.78  102.03
 152676.103   295.333   -53.75   83.04
 153051.378   260.633   -92.46   59.64
 153426.643   244.208   -43.76   46.75
 153801.897   227.655   -44.11   47.66
 154177.141   215.963   -31.16   46.62
 154552.374   212.593    -8.98   57.63
 154927.597   201.168   -30.45   56.64
 155302.809   199.174    -5.31   51.37
 155678.011   192.708   -17.23   44.69
 156053.202   193.408     1.87   46.52
 156428.383   192.225    -3.15   46.97
 156803.554   193.678     3.87   52.05
 157178.714   232.583   103.69   85.85
 157553.864   294.358   164.65   86.89
 157929.004   330.100    95.27   61.02
 158304.133   340.198    26.91   54.01
 158679.251   312.194   -74.65   84.00
 159054.360   263.108  -130.84  100.92
 159429.458   197.983  -173.60   88.19
 159804.545   167.808   -80.44   66.58
 160179.622   159.373   -22.49   58.55
 160554.689   184.963    68.22   70.24
 160929.745   235.347   134.32   80.16
 161304.791   283.836   129.27   78.22
 161679.827   332.783   130.50   61.05
 162054.852   365.658    87.65   55.54
 162429.867   389.658    63.99   61.59
 162804.871   431.027   110.30   70.38
 163179.865   461.270    80.64   58.92
 163554.849   477.198    42.47   51.96
 163929.822   477.194    -0.01   58.35
 164304.785   457.950   -51.32   73.50
 164679.738   444.433   -36.05   74.57
 165054.680   433.168   -30.04   76.34
 165429.612   441.905    23.30   78.52
 165804.534   450.599    23.19   70.00
 166179.445   447.688    -7.76   63.71
 166554.346   431.194   -43.99   66.25
 166929.237   414.417   -44.74   78.14
 167304.117   392.908   -57.37   79.31
 167678.987   387.476   -14.49   69.90
 168053.846   387.033    -1.18   58.55
 168428.696   391.081    10.80   46.66
 168803.534   370.003   -56.23   49.32
 169178.363   347.083   -61.14   57.16
 169553.181   319.683   -73.09   52.64
 169927.989   297.983   -57.89   49.59
 170302.787   302.257    11.40   64.44
 170677.574   293.501   -23.36   62.73
 171052.351   280.704   -34.14   59.03
 171427.118   263.198   -46.71   52.16
 171803.326   257.783   -14.39   49.68
 172180.148   272.133    38.08   53.12
 172556.960   315.508   115.10   66.47
 172933.762   349.073    89.07   55.83
 173310.553   352.993    10.40   57.31
 173687.334   337.466   -41.20   66.14
 174064.104   295.450  -111.50   65.00
 174440.864   258.183   -98.90   49.68
 174817.614   240.020   -48.20   43.06
 175194.353   245.450    14.41   45.15
 175571.082   268.208    60.40   51.32
 175947.800   293.083    66.02   50.42
 176324.508   297.832    12.60   53.80
 176701.206   276.399   -56.89   71.23
 177077.893   241.491   -92.66   77.62
 177454.570   195.020  -123.36   62.37
 177831.236   150.930  -117.04   59.97
 178207.892   136.433   -38.48   55.57
 178584.538   139.933     9.29   63.91
 178961.173   165.133    66.90   86.55
 179337.798   193.937    76.47  108.04
 179714.413   195.295     3.61  107.94
 180091.017   182.860   -33.02  109.62
 180467.611   138.908  -116.70   91.76
 180844.194   113.658   -67.04   62.23
 181220.767   107.373   -16.69   64.92
 181597.330   123.308    42.31   80.38
 181973.882   142.963    52.19   73.80
 182350.425   132.633   -27.43   79.92
 182726.956   127.856   -12.68   74.21
 183103.478   121.405   -17.13   66.73
 183479.988    90.466   -82.16   66.58
 183856.489    71.091   -51.46   51.87
 184232.979    56.883   -37.73   40.01
 184609.459    64.608    20.52   40.51
 184985.929    89.373    65.77   48.84
 185362.388   130.140   108.28   55.35
 185738.837   164.886    92.29   58.31
 186115.276   201.588    97.49   67.43
 186491.704   260.091   155.40   75.34
 186868.122   329.458   184.26   89.48
 187244.530   376.140   124.01   71.62
 187620.927   390.152    37.22   53.64
 187997.314   382.808   -19.51   50.97
 188373.691   375.158   -20.32   51.58
 188750.057   388.734    36.07   56.54
 189126.413   427.369   102.64   54.51
 189502.759   466.450   103.83   58.28
 189879.095   487.858    56.88   62.72
 190255.420   503.258    40.92   65.34
 190631.735   494.613   -22.97   67.93
 191008.040   466.758   -74.01   82.22
 191384.334   422.983  -116.32  109.19
 191760.618   374.889  -127.80  114.88
 192136.892   327.599  -125.66  112.52
 192513.155   273.358  -144.14   85.55
 192889.408   234.808  -102.45   67.93
 193265.651   195.358  -104.84   64.33
 193641.884   177.501   -47.46   57.01
 194018.106   167.702   -26.04   51.47
 194394.318   145.222   -59.75   34.48
 194770.520   125.629   -52.07   33.63
 195146.712    96.706   -76.87   33.38
 195522.893    71.183   -67.84   31.70
 195899.064    56.194   -39.84   28.93
 196275.225    40.521   -41.66   24.19
 196651.375    31.168   -24.86   17.98
 197027.516    28.058    -8.27   16.77
 197403.646    29.270     3.22   16.50
 197779.766    38.604    24.81   22.79
 198155.875    62.117    62.51   39.14
 198531.974    89.915    73.90   38.29
 198908.064   110.283    54.15   33.70
 199284.142   117.408    18.94   24.06
 199660.211   102.027   -40.89   39.10
 200036.269    79.958   -58.68   44.69
 200412.318    48.324   -84.11   38.87
 200788.355    21.911   -70.23   29.96
 201164.383     9.308   -33.51   20.10
 201540.401    11.908     6.91   21.34
 201916.408    20.733    23.47   30.16
 202292.405    28.533    20.74   30.72
 202668.392    20.194   -22.18   34.13
 203044.369    14.594   -14.89   30.40
 203420.335     7.158   -19.78   20.56
 203796.291     4.076    -8.20   13.99
 204172.237     7.658     9.53   13.05
 204548.173     1.483   -16.42   17.19
 204924.099    -2.085    -9.49   16.20
 205300.014    -8.883   -18.08   13.22
 205675.919   -10.858    -5.25   14.56
 206051.814   -17.892   -18.71   16.53
 206427.699   -26.642   -23.28   17.21
 206803.574   -30.037    -9.03   15.54
 207179.439   -20.645    24.98   33.08
 207555.293    -0.242    54.28   45.19
 207931.137    14.233    38.51   45.91
 208306.971    14.333     0.27   49.40
 208682.795    -6.499   -55.42   35.63
 209058.609   -24.383   -47.58   16.08
 209434.412   -30.822   -17.13   10.89
 209810.205   -30.842    -0.05   10.51
 210185.989   -25.117    15.23   12.71
 210561.762   -18.948    16.41   14.54
 210937.524   -12.292    17.71   14.14
 211313.277    -2.828    25.18   11.07
 211689.020    10.494    35.45   23.42
 212064.752    28.058    46.74   29.93
 212440.474    39.108    29.41   30.62
 212816.186    33.583   -14.70   35.02
 213191.888    17.133   -43.78   37.08
 213567.580     2.183   -39.79   24.49
 213943.262     5.652     9.23   26.07
 214318.934    35.320    78.96   46.75
 214694.595    61.271    69.07   44.13
 215070.246    73.963    33.78   36.94
 215445.888    59.333   -38.94   42.84
 215821.519    34.731   -65.49   37.21
 216197.140    19.688   -40.04   29.88
 216572.751     7.142   -33.40   18.25
 216948.351     3.883    -8.68   22.03
 217323.942    -7.942   -31.48   23.73
 217699.523   -15.268   -19.50   20.31
 218075.093   -13.860     3.75   21.02
 218450.653   -18.601   -12.62   21.20
 218826.204   -20.067    -3.90   22.03
 219201.744   -22.167    -5.59   23.25
 219577.274   -23.942    -4.73   20.47
 219952.794   -27.792   -10.25   21.51
 220328.304   -32.495   -12.52   21.40
 220703.803   -41.690   -24.49   14.27
 221079.293   -47.867   -16.45    1.89
 221454.773   -47.063     2.14    2.96
 221830.242   -45.267     4.78    6.08
 222205.702   -42.617     7.06    8.38
 222581.151   -41.294     3.52    8.53
 222956.590   -42.454    -3.09    7.85
 223332.020   -44.017    -4.16    6.37
 223707.439   -44.607    -1.57    5.49
 224082.848   -41.792     7.50    8.66
 224458.247   -37.842    10.52    9.58
 224833.636   -37.611     0.61   10.30
 225209.015   -39.717    -5.61   10.88
 225584.384   -44.781   -13.49    8.00
 225959.743   -48.089    -8.81    3.83
 226335.091   -48.967    -2.34    1.53
 226710.430   -48.909     0.15    1.62
 227085.759   -48.788     0.32    1.52
 227461.078   -48.730     0.16    1.50
 227836.386   -48.517     0.57    1.40
 228211.685   -47.960     1.48    1.12
 228586.973   -47.842     0.32    0.90
 228962.252   -47.792     0.13    0.87
 229337.520   -47.911    -0.32    0.95
 229712.779   -47.767     0.38    1.06
 230088.027   -47.767     0.00    1.11
 230463.266   -47.917    -0.40    0.91
 230838.494   -47.867     0.13    0.77
 231213.713   -47.992    -0.33    0.62
 231588.921   -48.217    -0.60    0.76
 231964.119   -48.379    -0.43    0.96
 232339.308   -48.292     0.23    1.10
 232714.486   -48.363    -0.19    1.09
 233089.654   -48.142     0.59    1.19
 233464.813   -48.142     0.00    1.16
 233839.961   -48.033     0.29    0.73
 234215.100   -48.193    -0.43    0.15
 234590.228   -48.217    -0.06    0.00
 234965.346   -48.191     0.07    0.28
 235340.455   -48.242    -0.13    0.80
 235715.553   -48.294    -0.14    1.04
 236090.642   -47.907     1.03    1.62
 236465.720   -48.063    -0.41    1.95
 236840.789   -48.092    -0.08    2.09
 237215.847   -48.191    -0.26    1.61
 237590.896   -48.607    -1.11    1.22
 237965.934   -48.367     0.64    1.00
 238340.963   -48.109     0.69    1.05
 238715.982   -47.992     0.31    1.31
 239090.990   -47.467     1.40    1.48
 239465.989   -47.342     0.33    1.40
 239840.978   -47.542    -0.53    1.37
 240215.957   -47.755    -0.57    1.12
 240590.926   -48.085    -0.88    0.58
 240965.885   -48.217    -0.35    0.00
 241340.834   -48.217     0.00    0.00
 241715.773   -48.217     0.00    0.00
 242090.702   -48.217     0.00    0.00
 242465.621   -48.217     0.00    0.00
 242840.530   -48.217     0.00    0.00
 243215.430   -48.217     0.00    0.00
 243590.319   -48.217     0.00    0.00
 243965.199   -48.217     0.00    0.00
 244340.068   -48.217     0.00    0.00
 244714.928   -48.217     0.00    0.00
 245089.777   -48.217     0.00    0.00
 245464.617   -48.217     0.00    0.00
 245839.447   -48.217     0.00    0.00
 246214.267   -48.217     0.00    0.00
 246589.077   -48.217     0.00    0.00
 246965.740   -48.217     0.00    0.00
 247342.520   -48.217     0.00    0.00
 247719.291   -48.217     0.00    0.00
 248096.051   -48.217     0.00    0.00
 248472.802   -48.217     0.00    0.00
 248849.542   -48.217     0.00    0.00
 249226.273   -48.217     0.00    0.00
 249602.993   -48.217     0.00    0.00
 249979.703   -48.217     0.00    0.00
 250356.404   -48.217     0.00    0.00
 250733.094   -48.217     0.00    0.00
 251109.775   -48.217     0.00    0.00
 251486.445   -48.217     0.00    0.00
 251863.106   -48.217     0.00    0.00
 252239.756   -48.217     0.00    0.00
 252616.396   -48.217     0.00    0.00
 252993.027   -48.217     0.00    0.00
 253369.648   -48.217     0.00    0.00
 253746.258   -48.217     0.00    0.00
 254122.859   -48.217     0.00    0.00
 254499.449   -48.217     0.00    0.00
 254876.030   -48.217     0.00    0.00
 255252.601   -48.217     0.00    0.00
 255629.162   -48.217     0.00    0.00
 256005.712   -48.217     0.00    0.00
 256382.253   -48.217     0.00    0.00
 256758.784   -48.217     0.00    0.00
 257135.305   -48.217     0.00    0.00
 257511.816   -48.217     0.00    0.00
 257888.317   -48.217     0.00    0.00
 258264.808   -48.217     0.00    0.00
 258641.289   -48.217     0.00    0.00
 259017.761   -48.217     0.00    0.00
 259394.222   -48.217     0.00    0.00
 259770.673   -48.217     0.00    0.00
 260147.115   -48.217     0.00    0.00
 260523.546   -48.217     0.00    0.00
 260899.968   -48.217     0.00    0.00
 261276.380   -48.217     0.00    0.00
 261652.781   -48.217     0.00    0.00
 262029.173   -48.217     0.00    0.00
 262405.555   -48.217     0.00    0.00
 262781.927   -48.217     0.00    0.00
 263158.289   -48.217     0.00    0.00
 263534.642   -48.217     0.00    0.00
 263910.984   -48.217     0.00    0.00
 264287.316   -48.217     0.00    0.00
 264663.639   -48.217     0.00    0.00
 265039.951   -48.217     0.00    0.00
 265416.254   -48.217     0.00    0.00
 265792.547   -48.217     0.00    0.00
 266168.830   -48.217     0.00    0.00
 266545.103   -48.217     0.00    0.00
 266921.366   -48.217     0.00    0.00
 267297.620   -48.217     0.00    0.00
 267673.863   -48.217     0.00    0.00
 268050.097   -48.217     0.00    0.00
 268426.320   -48.217     0.00    0.00
 268802.534   -48.217     0.00    0.00
 269178.738   -48.217     0.00    0.00
 269554.932   -48.217     0.00    0.00
 269931.116   -48.217     0.00    0.00
 270307.291   -48.217     0.00    0.00
 270683.455   -48.217     0.00    0.00
 271059.610   -48.217     0.00    0.00
 271435.755   -48.217     0.00    0.00
 271811.890   -48.217     0.00    0.00
 272188.015   -48.217     0.00    0.00
 272564.130   -48.217     0.00    0.00
 272940.236   -48.217     0.00    0.00
 273316.331   -48.217     0.00    0.00
 273692.417   -48.217     0.00    0.00
 274068.493   -48.217     0.00    0.00
 274444.559   -48.217     0.00    0.00
 274820.615   -48.217     0.00    0.00
 275196.662   -48.217     0.00    0.00
 275572.698   -48.217     0.00    0.00
 275948.725   -48.217     0.00    0.00
 276324.742   -48.217     0.00    0.00
 276700.749   -48.217     0.00    0.00
 277076.747   -48.217     0.00    0.00
 277452.734   -48.217     0.00    0.00
 277828.712   -48.217     0.00    0.00
 278204.680   -48.217     0.00    0.00
 278580.638   -48.217     0.00    0.00
 278956.586   -48.217     0.00    0.00
 279332.525   -48.217     0.00    0.00
 279708.454   -48.217     0.00    0.00
 280084.373   -48.217     0.00    0.00
 280460.282   -48.217     0.00    0.00
 280836.181   -48.217     0.00    0.00
 281212.071   -48.217     0.00    0.00
 281587.950   -48.217     0.00    0.00
 281963.820   -48.217     0.00    0.00
 282339.681   -48.217     0.00    0.00
 282715.531   -48.217     0.00    0.00
 283091.372   -48.217     0.00    0.00
 283467.203   -48.217     0.00    0.00
 283843.024   -48.217     0.00    0.00
 284218.835   -48.217     0.00    0.00
 284594.637   -48.217     0.00    0.00
 284970.429   -48.217     0.00    0.00
 285346.211   -48.217     0.00    0.00
 285721.983   -48.217     0.00    0.00
 286097.746   -48.217     0.00    0.00
 286473.499   -48.217     0.00    0.00
 286849.242   -48.217     0.00    0.00
 287224.975   -48.217     0.00    0.00
 287600.699   -48.217     0.00    0.00
 287976.413   -48.217     0.00    0.00
 288352.117   -48.217     0.00    0.00
 288727.812   -48.217     0.00    0.00
 289103.496   -48.217     0.00    0.00
 289479.171   -48.217     0.00    0.00
 289854.836   -48.217     0.00    0.00
 290230.492   -48.217     0.00    0.00
 290606.138   -48.217     0.00    0.00
 290981.774   -48.217     0.00    0.00
 291357.400   -48.217     0.00    0.00
 291733.017   -48.217     0.00    0.00
 292108.624   -48.217     0.00    0.00
 292484.221   -48.217     0.00    0.00
 292859.809   -48.217     0.00    0.00
 293235.386   -48.217     0.00    0.00
 293610.955   -48.217     0.00    0.00
 293986.513   -48.217     0.00    0.00
 294362.062   -48.217     0.00    0.00
 294737.601   -48.217     0.00    0.00
 295113.130   -48.217     0.00    0.00
 295488.650   -48.217     0.00    0.00
 295864.160   -48.217     0.00    0.00
 296239.660   -48.217     0.00    0.00
 296615.151   -48.217     0.00    0.00
 296990.632   -48.217     0.00    0.00
 297366.103   -48.217     0.00    0.00
 297741.564   -48.217     0.00    0.00
 298117.016   -48.217     0.00    0.00
 298492.459   -48.217     0.00    0.00
 298867.891   -48.217     0.00    0.00
 299243.314   -48.217     0.00    0.00
 299618.727   -48.217     0.00    0.00
 299994.131   -48.217     0.00    0.00
 300369.525   -48.217     0.00    0.00
 300744.909   -48.217     0.00    0.00
 301120.284   -48.217     0.00    0.00
 301495.649   -48.217     0.00    0.00
 301871.004   -48.217     0.00    0.00
 302246.350   -48.217     0.00    0.00
 302621.686   -48.217     0.00    0.00
 302997.012   -48.217     0.00    0.00
 303372.329   -48.217     0.00    0.00
 303747.636   -48.217     0.00    0.00
 304122.934   -48.217     0.00    0.00
 304498.222   -48.217     0.00    0.00
 304873.500   -48.217     0.00    0.00
 305248.768   -48.217     0.00    0.00
 305624.027   -48.217     0.00    0.00
 305999.277   -48.217     0.00    0.00
 306374.517   -48.217     0.00    0.00
 306749.747   -48.217     0.00    0.00
 307124.967   -48.217     0.00    0.00
 307500.178   -48.217     0.00    0.00
 307875.380   -48.217     0.00    0.00
 308250.571   -48.217     0.00    0.00
 308625.754   -48.217     0.00    0.00
 309000.926   -48.217     0.00    0.00
 309376.089   -48.217     0.00    0.00
 309751.243   -48.217     0.00    0.00
 310126.386   -48.217     0.00    0.00
 310501.520   -48.217     0.00    0.00
 310876.645   -48.217     0.00    0.00
 311251.760   -48.217     0.00    0.00
 311626.866   -48.217     0.00    0.00
 312001.961   -48.217     0.00    0.00
 312377.048   -48.217     0.00    0.00
 312752.124   -48.217     0.00    0.00
 313127.192   -48.217     0.00    0.00
 313502.249   -48.217     0.00    0.00
 313877.297   -48.217     0.00    0.00
 314252.336   -48.217     0.00    0.00
 314627.364   -48.217     0.00    0.00
 315002.384   -48.217     0.00    0.00
 315377.394   -48.217     0.00    0.00
 315752.394   -48.217     0.00    0.00
 316127.384   -48.217     0.00    0.00
 316502.366   -48.217     0.00    0.00
 316877.337   -48.217     0.00    0.00
 317252.299   -48.217     0.00    0.00
 317627.252   -48.217     0.00    0.00
 318002.195   -48.217     0.00    0.00
 318377.128   -48.217     0.00    0.00
 318752.052   -48.217     0.00    0.00
