-299573.312   -17.000     0.00    0.00
-299196.951   -17.000     0.00    0.00
-298820.581   -17.000     0.00    0.00
-298444.202   -17.000     0.00    0.00
-298067.816   -17.000     0.00    0.00
-297691.420   -17.000     0.00    0.00
-297315.017   -17.000     0.00    0.00
-296938.605   -16.750     0.66    0.78
-296562.184   -16.537     0.57    1.21
-296185.755   -16.275     0.69    1.47
-295809.318   -16.475    -0.53    1.22
-295432.872   -16.474     0.00    1.20
-295056.417   -15.929     1.45    1.97
-294679.954   -15.575     0.94    2.19
-294303.483   -15.205     0.98    2.30
-293927.003   -14.600     1.61    2.41
-293550.515   -14.385     0.57    2.36
-293174.019   -14.190     0.52    2.28
-292797.514   -13.632     1.48    2.12
-292421.000   -13.538     0.25    1.94
-292044.478   -13.436     0.27    1.59
-291667.947   -13.308     0.34    1.38
-291291.408   -13.610    -0.80    1.12
-290914.861   -13.459     0.40    0.96
-290538.305   -13.415     0.12    0.95
-290161.740   -13.500    -0.23    0.98
-289785.167   -13.385     0.31    1.04
-289408.586   -13.538    -0.41    1.07
-289031.996   -13.730    -0.51    1.02
-288655.398   -13.550     0.48    1.08
-288278.791   -13.641    -0.24    1.06
-287902.175   -13.846    -0.54    1.09
-287525.551   -13.795     0.14    1.10
-287148.919   -14.111    -0.84    1.01
-286772.278   -13.950     0.43    1.15
-286395.628   -13.872     0.21    1.15
-286018.970   -13.538     0.88    0.97
-285642.304   -13.475     0.17    0.99
-285265.629   -13.718    -0.64    1.00
-284888.945   -13.525     0.51    0.93
-284512.253   -13.436     0.24    0.97
-284135.553   -13.450    -0.04    0.85
-283758.844   -13.667    -0.58    0.96
-283382.126   -13.615     0.14    0.91
-283005.400   -13.683    -0.18    1.11
-282630.317   -13.486     0.52    1.30
-282255.273   -13.231     0.68    1.69
-281880.221   -13.025     0.55    1.97
-281505.160   -12.949     0.20    1.62
-281130.091   -12.975    -0.07    1.10
-280755.013   -12.889     0.23    1.14
-280379.927   -12.947    -0.16    1.14
-280004.832   -12.921     0.07    1.15
-279629.729   -12.825     0.26    1.20
-279254.617   -13.024    -0.53    1.21
-278879.497   -13.205    -0.48    1.28
-278504.369   -13.250    -0.12    1.10
-278129.232   -13.237     0.04    1.38
-277754.086   -12.927     0.83    1.37
-277378.932   -12.780     0.39    1.26
-277003.769   -12.895    -0.30    1.25
-276628.598   -13.225    -0.88    1.07
-276253.419   -13.359    -0.36    0.93
-275878.231   -13.195     0.44    1.05
-275503.034   -13.051     0.38    1.19
-275127.830   -12.975     0.20    1.14
-274752.616   -12.821     0.41    1.25
-274377.394   -12.308     1.37    1.51
-274002.164   -12.200     0.29    1.84
-273626.925   -12.361    -0.43    1.84
-273251.677   -12.795    -1.16    1.73
-272876.421   -13.205    -1.09    1.03
-272501.157   -13.184     0.06    0.93
-272125.884   -13.256    -0.19    0.91
-271750.602   -13.211     0.12    0.84
-271375.312   -13.300    -0.24    0.97
-271000.013   -13.316    -0.04    1.04
-270624.706   -13.385    -0.18    1.02
-270249.391   -13.325     0.16    1.23
-269874.067   -13.359    -0.09    1.18
-269498.734   -13.341     0.05    1.17
-269123.393   -13.026     0.84    1.27
-268748.043   -12.700     0.87    1.62
-268372.685   -12.658     0.11    1.26
-267997.318   -12.725    -0.18    1.30
-267621.942   -12.950    -0.60    1.28
-267246.558   -13.079    -0.34    1.02
-266871.166   -13.400    -0.86    1.37
-266495.765   -13.553    -0.41    1.33
-266120.355   -13.366     0.50    1.44
-265744.937   -13.275     0.24    1.38
-265369.510   -13.316    -0.11    1.21
-264994.075   -13.333    -0.05    1.06
-264618.631   -13.421    -0.23    1.03
-264243.179   -13.500    -0.21    1.20
-263867.718   -13.564    -0.17    1.29
-263492.249   -13.359     0.55    1.39
-263116.770   -13.205     0.41    1.51
-262741.284   -13.250    -0.12    1.57
-262365.789   -13.450    -0.53    1.60
-261990.285   -13.615    -0.44    1.80
-261614.772   -13.564     0.14    1.65
-261239.251   -13.100     1.24    2.19
-260863.722   -13.385    -0.76    2.11
-260488.184   -13.775    -1.04    1.85
-260112.637   -13.872    -0.26    1.58
-259737.082   -14.100    -0.61    1.24
-259361.518   -14.105    -0.01    1.18
-258985.945   -13.795     0.83    1.38
-258610.364   -13.146     1.73    2.12
-258234.774   -12.778     0.98    2.13
-257859.176   -12.897    -0.32    2.28
-257483.569   -12.700     0.53    2.40
-257107.953   -13.500    -2.13    2.03
-256732.329   -13.325     0.47    2.61
-256356.697   -13.162     0.43    2.66
-255981.055   -13.079     0.22    2.45
-255605.405   -13.000     0.21    1.51
-255229.747   -13.075    -0.20    1.14
-254854.079   -12.805     0.72    1.21
-254478.403   -12.231     1.53    2.23
-254102.719   -12.150     0.21    2.64
-253727.026   -11.974     0.47    3.25
-253351.324   -12.220    -0.65    3.55
-252975.614   -12.575    -0.95    3.35
-252599.895   -13.421    -2.25    2.93
-252224.167   -13.325     0.26    2.13
-251848.431   -13.237     0.23    2.17
-251472.686   -13.073     0.44    2.34
-251096.932   -12.410     1.76    2.67
-250721.170   -12.000     1.09    2.46
-250345.399   -11.744     0.68    2.49
-249969.619   -12.359    -1.64    1.98
-249593.831   -13.100    -1.97    1.45
-249218.034   -13.595    -1.32    1.12
-248842.229   -13.634    -0.11    1.04
-248466.415   -13.333     0.80    1.66
-248090.592   -13.105     0.61    1.97
-247714.760   -12.590     1.37    2.29
-247338.920   -12.263     0.87    2.25
-246963.071   -12.500    -0.63    2.24
-246587.214   -12.718    -0.58    1.86
-246211.347   -13.026    -0.82    1.39
-245835.472   -13.179    -0.41    1.17
-245459.589   -13.297    -0.31    0.97
-245083.697   -12.780     1.37    1.90
-244707.796   -11.974     2.14    2.53
-244331.886   -11.600     1.00    2.88
-243955.968   -11.590     0.03    2.95
-243580.041   -11.462     0.34    3.23
-243204.105   -11.550    -0.24    3.15
-242828.161   -11.684    -0.36    2.75
-242452.207   -12.275    -1.57    2.28
-242076.246   -12.316    -0.11    2.34
-241700.275   -11.659     1.75    3.07
-241324.296   -11.100     1.49    3.09
-240948.308   -11.278    -0.47    2.76
-240572.311   -11.974    -1.85    2.30
-240196.306   -12.150    -0.47    2.17
-239820.292   -12.615    -1.24    2.17
-239444.269   -12.875    -0.69    2.09
-239068.238   -12.846     0.08    2.15
-238692.197   -11.947     2.39    2.86
-238316.148   -11.081     2.30    3.05
-237940.091   -10.625     1.21    3.48
-237564.024   -11.146    -1.39    3.00
-237187.949   -11.872    -1.93    2.93
-236811.865   -12.875    -2.67    1.38
-236435.772   -12.842     0.09    1.20
-236059.671   -12.878    -0.10    1.29
-235683.561   -13.000    -0.32    1.15
-235307.442   -13.184    -0.49    1.14
-234931.314   -12.900     0.76    1.57
-234555.178   -12.385     1.37    1.98
-234179.033   -12.268     0.31    2.03
-233802.879   -12.128     0.37    2.03
-233426.716   -12.600    -1.25    1.69
-233050.545   -13.000    -1.06    1.36
-232674.365   -13.282    -0.75    1.12
-232298.176   -13.200     0.22    1.02
-231921.978   -13.081     0.32    1.04
-231545.772   -12.976     0.28    0.96
-231169.557   -13.051    -0.20    1.12
-230793.333   -13.231    -0.48    1.01
-230417.100   -13.333    -0.27    1.06
-230040.858   -12.947     1.03    1.58
-229664.608   -13.025    -0.21    1.46
-229288.349   -13.026    -0.00    1.40
-228912.081   -12.538     1.29    1.90
-228535.804   -12.718    -0.48    1.86
-228159.519   -12.757    -0.10    1.79
-227783.224   -12.756     0.00    1.74
-227406.921   -13.000    -0.65    1.40
-227030.609   -12.641     0.95    1.06
-226654.289   -12.450     0.51    1.22
-226277.959   -11.923     1.40    1.92
-225901.621   -11.325     1.59    2.34
-225525.274   -11.436    -0.29    2.51
-225148.918   -11.600    -0.44    2.48
-224772.553   -12.132    -1.41    2.29
-224396.180   -12.769    -1.69    1.58
-224019.797   -12.976    -0.55    1.70
-223643.406   -12.861     0.30    1.51
-223267.006   -12.692     0.45    1.58
-222890.597   -12.625     0.18    1.56
-222514.180   -12.375     0.66    1.46
-222137.753   -12.250     0.33    1.46
-221761.318   -12.333    -0.22    1.51
-221384.874   -12.447    -0.30    1.54
-221008.421   -12.632    -0.49    1.30
-220631.959   -12.800    -0.45    1.26
-220255.488   -12.976    -0.47    1.27
-219879.009   -12.846     0.34    1.31
-219502.521   -13.175    -0.87    1.26
-219126.023   -13.077     0.26    1.06
-218749.517   -12.875     0.54    0.97
-218373.003   -12.659     0.57    1.09
-217996.479   -12.385     0.73    1.11
-217619.946   -12.415    -0.08    1.12
-217243.405   -11.868     1.45    1.47
-216866.854   -11.585     0.75    1.99
-216490.295   -11.513     0.19    1.97
-216113.727   -11.231     0.75    2.13
-215737.150   -11.439    -0.55    1.96
-215360.564   -11.605    -0.44    1.84
-214983.970   -11.250     0.94    2.37
-214607.366   -10.921     0.87    2.66
-214230.754   -10.878     0.11    2.56
-213854.133   -10.550     0.87    2.68
-213477.502   -11.289    -1.96    2.29
-213100.863   -11.590    -0.80    2.05
-212724.215   -11.950    -0.96    2.14
-212347.558   -12.564    -1.63    1.05
-211970.893   -12.641    -0.20    1.11
-211594.218   -12.205     1.16    1.38
-211217.535   -11.342     2.29    1.86
-210840.842   -11.028     0.83    1.96
-210464.141   -11.200    -0.46    1.91
-210087.430   -11.585    -1.02    1.77
-209710.711   -12.154    -1.51    1.51
-209333.983   -12.475    -0.85    1.41
-208957.246   -12.395     0.21    1.42
-208580.500   -12.659    -0.70    1.04
-208203.746   -12.475     0.49    1.89
-207827.344   -12.000     1.26    2.16
-207452.353   -11.550     1.20    2.60
-207077.354   -11.128     1.12    2.45
-206702.346   -11.310    -0.48    2.50
-206327.329   -11.289     0.05    2.80
-205952.303   -11.282     0.02    2.71
-205577.268   -11.500    -0.58    2.61
-205202.224   -11.625    -0.33    2.87
-204827.172   -11.850    -0.60    2.97
-204452.111   -12.917    -2.84    2.61
-204077.040   -12.410     1.35    3.48
-203701.961   -12.842    -1.15    3.70
-203326.873   -12.641     0.54    3.72
-202951.777   -12.795    -0.41    3.48
-202576.671   -14.150    -3.61    2.84
-202201.557   -13.923     0.60    3.32
-201826.433   -13.237     1.83    3.82
-201451.301   -12.325     2.43    3.81
-201076.160   -10.317     5.35    3.57
-200701.010    -9.211     2.95    2.61
-200325.851    -8.000     3.23    2.69
-199950.683    -8.158    -0.42    2.31
-199575.507    -9.220    -2.83    2.64
-199200.321   -10.308    -2.90    2.67
-198825.127   -10.925    -1.65    2.19
-198449.924   -11.400    -1.27    1.57
-198074.712   -10.744     1.75    2.21
-197699.490    -9.902     2.24    2.54
-197324.261    -9.324     1.54    3.04
-196949.022    -9.000     0.86    2.79
-196573.774    -9.231    -0.61    2.60
-196198.517    -9.667    -1.16    2.75
-195823.252    -9.750    -0.22    2.57
-195447.977    -9.684     0.18    3.23
-195072.694    -8.667     2.71    3.10
-194697.402    -8.154     1.37    3.04
-194322.100    -8.132     0.06    2.99
-193946.790    -8.829    -1.86    2.50
-193571.471    -9.730    -2.40    2.26
-193196.143   -10.610    -2.34    2.05
-192820.806   -11.103    -1.31    1.74
-192445.460   -10.641     1.23    2.33
-192070.106    -9.350     3.44    3.73
-191694.742    -7.846     4.01    3.69
-191319.369    -6.905     2.51    3.25
-190943.988    -6.868     0.10    3.09
-190568.597    -7.975    -2.95    3.18
-190193.198    -8.316    -0.91    2.68
-189817.789    -7.829     1.30    2.98
-189442.372    -8.000    -0.45    3.17
-189066.946    -8.513    -1.37    4.12
-188691.510   -10.025    -4.03    4.24
-188316.066   -11.256    -3.28    2.85
-187940.613   -11.390    -0.36    1.80
-187565.151   -11.051     0.90    1.52
-187189.680   -10.692     0.96    1.85
-186814.200   -10.789    -0.26    1.95
-186438.711   -10.806    -0.04    1.83
-186063.213   -10.775     0.08    1.94
-185687.706   -10.410     0.97    2.29
-185312.190   -10.000     1.09    2.55
-184936.665    -9.872     0.34    2.46
-184561.131    -9.789     0.22    2.43
-184185.588   -10.073    -0.76    2.27
-183810.036   -10.359    -0.76    1.81
-183434.475   -10.231     0.34    1.97
-183058.906   -10.225     0.02    2.36
-182683.327   -10.205     0.05    2.31
-182307.739    -9.625     1.54    2.74
-181932.142   -10.184    -1.49    2.48
-181556.536   -11.100    -2.44    1.72
-181180.921   -11.237    -0.36    1.67
-180805.298   -11.829    -1.58    1.07
-180429.665   -11.375     1.21    1.90
-180054.023   -10.649     1.93    2.24
-179678.372   -10.000     1.73    2.28
-179302.712   -10.100    -0.27    2.07
-178927.043   -10.231    -0.35    2.02
-178551.366   -10.650    -1.12    1.86
-178175.679   -10.846    -0.52    1.39
-177799.983   -10.658     0.50    1.70
-177424.278   -10.676    -0.05    1.89
-177048.564   -10.775    -0.26    1.78
-176672.841   -11.098    -0.86    1.73
-176297.109   -11.487    -1.04    1.37
-175921.368   -11.500    -0.03    1.18
-175545.618   -11.605    -0.28    1.22
-175169.858   -11.512     0.25    1.36
-174794.090   -11.475     0.10    1.52
-174418.313   -11.308     0.45    1.67
-174042.527   -11.775    -1.24    1.25
-173666.731   -11.846    -0.19    1.25
-173290.927   -12.000    -0.41    1.10
-172915.114   -11.947     0.14    1.33
-172539.291   -11.692     0.68    1.54
-172163.460   -11.550     0.38    1.38
-171787.619   -11.375     0.47    1.41
-171411.769   -11.225     0.40    1.33
-171035.910   -11.389    -0.44    1.23
-170660.043   -11.590    -0.53    1.25
-170284.166   -11.684    -0.25    1.21
-169908.280   -11.474     0.56    1.27
-169532.385   -11.051     1.12    1.56
-169156.481   -10.500     1.47    2.02
-168780.568   -10.375     0.33    1.88
-168404.645   -10.385    -0.03    1.99
-168028.714   -10.410    -0.07    2.07
-167652.773   -10.268     0.38    2.05
-167276.824    -9.816     1.20    2.22
-166900.865    -8.902     2.43    2.25
-166524.898    -8.821     0.22    2.19
-166148.921    -9.175    -0.94    2.22
-165772.935    -9.475    -0.80    2.34
-165396.940   -10.282    -2.15    2.05
-165020.936   -10.738    -1.21    1.43
-164644.922   -11.053    -0.84    1.23
-164268.900   -11.200    -0.39    0.91
-163892.869   -10.816     1.02    1.18
-163516.828   -10.610     0.55    1.09
-163140.778   -10.475     0.36    1.09
-162764.720   -10.436     0.10    1.02
-162388.652   -10.275     0.43    1.04
-162012.575   -10.025     0.66    1.23
-161636.488   -10.122    -0.26    1.17
-161260.393   -10.075     0.12    1.21
-160884.289   -10.000     0.20    1.14
-160508.175    -9.789     0.56    1.23
-160132.052    -9.694     0.25    1.14
-159755.921    -9.500     0.52    1.13
-159379.780    -9.590    -0.24    1.19
-159003.630    -9.675    -0.23    1.10
-158627.470    -9.538     0.36    1.21
-158251.302    -9.351     0.50    1.49
-157875.124    -9.073     0.74    1.68
-157498.938    -8.718     0.94    2.06
-157122.742    -8.564     0.41    2.23
-156746.537    -8.300     0.70    2.92
-156370.322    -8.487    -0.50    3.07
-155994.099    -9.450    -2.56    3.05
-155617.867   -10.103    -1.73    2.79
-155241.625   -10.550    -1.19    1.32
-154865.374   -10.410     0.37    1.23
-154489.114   -10.385     0.07    1.04
-154112.845   -10.171     0.57    1.14
-153736.566   -10.324    -0.41    1.31
-153360.279   -10.077     0.66    1.31
-152983.982   -10.175    -0.26    1.13
-152607.676   -10.077     0.26    1.04
-152231.361    -9.825     0.67    1.24
-151855.037    -9.459     0.97    1.66
-151478.703    -8.895     1.50    1.77
-151102.360    -8.282     1.63    1.85
-150726.008    -7.410     2.32    2.44
-150349.647    -6.634     2.06    3.01
-149973.277    -5.425     3.21    3.43
-149596.898    -5.475    -0.13    3.11
-149220.509    -6.077    -1.60    2.66
-148844.111    -6.125    -0.13    2.33
-148467.704    -6.634    -1.35    2.12
-148091.287    -6.821    -0.50    2.44
-147714.862    -7.439    -1.64    2.24
-147338.427    -7.974    -1.42    1.78
-146961.983    -7.976    -0.01    1.85
-146585.530    -8.051    -0.20    1.59
-146209.067    -8.128    -0.20    1.88
-145832.596    -7.805     0.86    1.91
-145456.115    -7.316     1.30    2.33
-145079.625    -7.200     0.31    2.24
-144703.125    -7.421    -0.59    2.21
-144326.617    -7.488    -0.18    2.08
-143950.099    -7.927    -1.17    1.39
-143573.572    -7.974    -0.12    1.20
-143197.035    -7.256     1.90    1.93
-142820.490    -6.925     0.88    1.89
-142443.935    -7.077    -0.40    1.83
-142067.371    -6.950     0.34    1.75
-141690.797    -7.132    -0.48    1.36
-141314.215    -7.027     0.28    1.46
-140937.623    -6.667     0.96    1.39
-140561.022    -5.800     2.30    2.23
-140184.411    -5.049     1.99    2.27
-139807.792    -4.725     0.86    2.03
-139431.163    -5.225    -1.33    2.31
-139054.524    -6.184    -2.55    1.84
-138677.877    -6.738    -1.47    1.55
-138301.220    -7.333    -1.58    1.11
-137924.554    -7.154     0.48    1.25
-137547.879    -6.875     0.74    1.57
-137171.194    -5.795     2.87    3.00
-136794.500    -4.333     3.88    3.52
-136417.797    -2.538     4.76    3.63
-136041.084    -2.475     0.17    3.61
-135664.362    -4.333    -4.93    3.62
-135287.631    -5.641    -3.47    3.36
-134910.891    -7.049    -3.74    1.92
-134534.141    -7.595    -1.45    1.24
-134157.382    -7.462     0.35    1.31
-133780.614    -7.154     0.82    2.02
-133403.836    -6.744     1.09    1.85
-133027.049    -6.800    -0.15    1.59
-132651.044    -6.947    -0.39    1.41
-132276.092    -7.231    -0.76    1.04
-131901.130    -7.103     0.34    1.12
-131526.159    -6.949     0.41    1.28
-131151.179    -6.293     1.75    2.24
-130776.189    -5.447     2.25    2.67
-130401.190    -4.098     3.60    2.85
-130026.182    -3.692     1.08    2.65
-129651.165    -4.128    -1.16    2.78
-129276.139    -5.171    -2.78    2.21
-128901.103    -6.000    -2.21    1.56
-128526.058    -6.850    -2.27    1.17
-128151.004    -7.132    -0.75    1.23
-127775.940    -7.333    -0.54    1.36
-127400.868    -6.821     1.37    2.02
-127025.786    -6.450     0.99    2.10
-126650.694    -5.925     1.40    2.00
-126275.594    -5.077     2.26    2.07
-125900.484    -4.317     2.03    2.37
-125525.365    -3.514     2.14    2.64
-125150.237    -3.415     0.26    2.65
-124775.099    -3.436    -0.06    2.86
-124399.952    -3.744    -0.82    2.92
-124024.796    -4.700    -2.55    2.68
-123649.631    -5.487    -2.10    2.48
-123274.456    -5.975    -1.30    1.83
-122899.272    -6.000    -0.07    1.64
-122524.079    -5.513     1.30    1.82
-122148.877    -4.634     2.34    2.22
-121773.665    -4.500     0.36    2.19
-121398.444    -4.488     0.03    2.23
-121023.213    -4.590    -0.27    2.24
-120647.974    -4.500     0.24    1.93
-120272.725    -4.250     0.67    1.89
-119897.467    -4.205     0.12    2.38
-119522.199    -4.190     0.04    2.43
-119146.922    -3.895     0.79    2.62
-118771.636    -3.073     2.19    3.39
-118396.340    -3.462    -1.03    3.29
-118021.036    -4.049    -1.56    3.23
-117645.721    -4.538    -1.30    2.81
-117270.398    -5.051    -1.37    1.34
-116895.065    -4.750     0.80    1.26
-116519.723    -3.872     2.34    2.32
-116144.372    -3.390     1.28    2.38
-115769.011    -3.513    -0.33    2.42
-115393.641    -3.846    -0.89    2.25
-115018.261    -3.923    -0.20    2.09
-114642.873    -4.395    -1.26    2.10
-114267.474    -4.025     0.98    1.85
-113892.067    -3.975     0.13    2.03
-113516.650    -3.564     1.09    2.45
-113141.224    -3.683    -0.32    2.60
-112765.789    -3.658     0.07    2.49
-112390.344    -4.707    -2.79    2.58
-112014.890    -5.462    -2.01    2.45
-111639.426    -5.927    -1.24    2.16
-111263.953    -6.359    -1.15    2.08
-110888.471    -5.975     1.02    2.27
-110512.979    -5.122     2.27    2.50
-110137.478    -4.711     1.10    2.58
-109761.968    -4.525     0.49    2.54
-109386.448    -4.256     0.72    2.46
-109010.919    -4.659    -1.07    2.01
-108635.381    -4.780    -0.32    1.26
-108259.833    -4.795    -0.04    1.22
-107884.276    -4.103     1.84    2.41
-107508.709    -3.500     1.60    2.79
-107133.133    -3.410     0.24    2.12
-106757.548    -2.625     2.09    3.22
-106381.953    -2.342     0.75    3.06
-106006.349    -1.154     3.16    3.82
-105630.735    -0.972     0.48    3.74
-105255.112    -2.025    -2.80    3.05
-104879.480    -2.175    -0.40    3.23
-104503.838    -2.600    -1.13    2.73
-104128.187    -2.821    -0.59    2.08
-103752.526    -3.316    -1.32    2.13
-103376.856    -3.619    -0.81    2.12
-103001.177    -3.590     0.08    2.02
-102625.488    -3.650    -0.16    2.05
-102249.790    -3.550     0.27    1.41
-101874.082    -2.949     1.60    1.82
-101498.365    -3.000    -0.14    3.49
-101122.639    -3.211    -0.56    4.65
-100746.903    -3.125     0.23    4.92
-100371.157    -3.590    -1.24    4.63
 -99995.403    -3.805    -0.57    4.34
 -99619.638    -3.400     1.08    3.26
 -99243.865    -3.432    -0.09    1.71
 -98868.082    -3.154     0.74    1.71
 -98492.289    -2.650     1.34    1.41
 -98116.487    -3.400    -2.00    1.28
 -97740.676    -3.900    -1.33    1.26
 -97364.855    -4.436    -1.43    1.33
 -96989.025    -4.184     0.67    1.74
 -96613.185    -3.730     1.21    2.01
 -96237.336    -3.175     1.48    2.10
 -95861.477    -2.585     1.57    1.73
 -95485.609    -2.450     0.36    1.38
 -95109.731    -2.275     0.47    1.95
 -94733.844    -2.237     0.10    2.02
 -94357.947    -2.119     0.31    1.98
 -93982.041    -1.700     1.11    2.11
 -93606.126    -1.692     0.02    1.92
 -93230.201    -1.925    -0.62    2.38
 -92854.266    -1.487     1.16    2.23
 -92478.322    -2.143    -1.74    2.46
 -92102.369    -2.692    -1.46    2.25
 -91726.406    -3.175    -1.28    2.17
 -91350.434    -3.256    -0.22    2.15
 -90974.452    -2.051     3.21    2.97
 -90598.460    -1.805     0.66    3.15
 -90222.459    -1.111     1.85    3.15
 -89846.449    -1.000     0.30    3.28
 -89470.429    -1.667    -1.77    2.70
 -89094.400    -1.308     0.95    2.85
 -88718.361    -1.300     0.02    3.10
 -88342.312    -1.872    -1.52    2.84
 -87966.254    -2.179    -0.82    2.19
 -87590.187    -2.769    -1.57    1.95
 -87214.110    -3.103    -0.89    1.19
 -86838.024    -2.854     0.66    1.84
 -86461.928    -2.308     1.45    2.27
 -86085.822    -2.050     0.69    2.62
 -85709.707    -1.359     1.84    2.70
 -85333.582    -1.525    -0.44    2.44
 -84957.448    -0.659     2.30    3.21
 -84581.305     0.795     3.86    3.91
 -84205.152     1.350     1.48    3.85
 -83828.989     1.079    -0.72    3.51
 -83452.817    -0.095    -3.12    3.07
 -83076.635    -0.667    -1.52    2.50
 -82700.443    -0.650     0.04    2.57
 -82324.242    -0.073     1.53    3.13
 -81948.032    -0.051     0.06    3.12
 -81571.812    -0.341    -0.77    2.77
 -81195.582    -0.526    -0.49    2.13
 -80819.343    -0.854    -0.87    1.49
 -80443.095    -0.925    -0.19    1.40
 -80066.836    -1.128    -0.54    1.51
 -79690.569    -0.775     0.94    1.49
 -79314.291    -0.579     0.52    1.45
 -78938.004    -0.103     1.27    1.94
 -78561.708     0.658     2.02    2.17
 -78185.402     1.237     1.54    1.94
 -77809.086     1.923     1.82    1.90
 -77432.761     2.972     2.79    3.13
 -77056.426     5.850     7.65    5.89
 -76680.081     9.175     8.83    7.72
 -76303.727    11.975     7.44    8.43
 -75927.364    14.000     5.38    9.61
 -75550.990    13.737    -0.70    9.42
 -75174.608    11.190    -6.77    8.44
 -74798.215     7.897    -8.75    6.16
 -74421.813     5.725    -5.77    3.99
 -74045.401     5.700    -0.07    3.16
 -73668.980     6.128     1.14    3.15
 -73292.549     6.902     2.06    3.13
 -72916.109     7.026     0.33    2.80
 -72539.659     8.550     4.05    3.56
 -72163.199    10.872     6.17    3.87
 -71786.730    11.683     2.15    4.21
 -71410.251    11.375    -0.82    4.64
 -71033.762     9.526    -4.91    3.89
 -70657.264     8.600    -2.46    3.27
 -70280.756     8.725     0.33    3.15
 -69904.239    10.500     4.71    4.71
 -69527.712    13.575     8.17    5.94
 -69151.175    16.184     6.93    5.12
 -68774.629    18.816     6.99    4.77
 -68398.073    19.421     1.61    4.67
 -68021.507    20.350     2.47    4.55
 -67644.932    21.439     2.89    4.31
 -67268.347    23.050     4.28    4.35
 -66891.752    24.750     4.51    4.26
 -66515.148    26.872     5.63    3.30
 -66138.534    28.341     3.90    2.52
 -65761.911    28.610     0.71    2.47
 -65385.277    29.103     1.31    2.49
 -65008.634    29.775     1.79    2.40
 -64631.982    29.605    -0.45    2.47
 -64255.320    30.317     1.89    2.50
 -63878.648    31.450     3.01    3.36
 -63501.966    32.077     1.66    3.74
 -63125.275    32.805     1.93    3.68
 -62748.574    32.795    -0.03    3.74
 -62371.863    32.951     0.42    3.50
 -61995.143    33.564     1.63    3.92
 -61618.413    33.829     0.70    3.36
 -61241.673    34.923     2.90    3.79
 -60864.924    36.744     4.83    3.80
 -60488.165    38.475     4.60    4.01
 -60111.396    41.025     6.77    4.38
 -59734.618    42.805     4.72    4.52
 -59357.830    43.487     1.81    4.39
 -58981.032    44.949     3.88    5.60
 -58604.224    44.026    -2.45    5.88
 -58227.407    44.316     0.77    6.46
 -57850.580    45.925     4.27    6.45
 -57474.994    45.487    -1.17    6.02
 -57100.081    46.256     2.05    6.13
 -56725.158    46.125    -0.35    6.25
 -56350.226    44.528    -4.26    6.93
 -55975.284    46.390     4.97    6.39
 -55600.332    46.846     1.22    6.02
 -55225.371    45.795    -2.80    6.19
 -54850.400    46.769     2.60    5.67
 -54475.420    44.525    -5.98    6.59
 -54100.430    43.905    -1.65    7.46
 -53725.430    44.395     1.31    7.26
 -53350.421    44.075    -0.85    9.34
 -52975.402    46.410     6.23   10.51
 -52600.373    47.366     2.55   12.52
 -52225.335    46.400    -2.58   13.71
 -51850.287    43.513    -7.70   13.35
 -51475.229    40.625    -7.70   13.36
 -51100.162    38.425    -5.87   13.67
 -50725.085    38.976     1.47   12.40
 -50349.999    38.487    -1.30   11.01
 -49974.902    37.410    -2.87    8.20
 -49599.797    35.053    -6.29    7.55
 -49224.681    33.658    -3.72    7.06
 -48849.556    34.325     1.78    7.08
 -48474.421    35.375     2.80    7.96
 -48099.277    35.200    -0.47    8.48
 -47724.122    33.317    -5.02    8.57
 -47348.958    33.658     0.91    9.72
 -46973.785    37.878    11.25   10.79
 -46598.602    41.667    10.10    8.90
 -46223.409    42.854     3.16    8.39
 -45848.206    43.025     0.46    7.27
 -45472.994    42.225    -2.13    8.20
 -45097.772    44.119     5.05    8.98
 -44722.540    43.395    -1.93    9.42
 -44347.299    41.250    -5.72    9.49
 -43972.048    38.359    -7.70   10.03
 -43596.787    31.780   -17.53   11.16
 -43221.516    23.732   -21.45   10.61
 -42846.236    17.103   -17.66    5.67
 -42470.946    14.744    -6.29    4.21
 -42095.646    13.950    -2.11    3.75
 -41720.337    14.390     1.17    3.66
 -41345.018    14.359    -0.08    3.57
 -40969.689    13.487    -2.32    4.01
 -40594.351    11.949    -4.10    3.18
 -40219.002    11.895    -0.14    3.29
 -39843.644    12.875     2.61    3.68
 -39468.277    15.275     6.39    4.99
 -39092.899    16.550     3.40    4.87
 -38717.512    18.439     5.03    5.67
 -38342.115    21.000     6.82    8.73
 -37966.709    26.000    13.32   11.51
 -37591.292    30.718    12.57   13.52
 -37215.866    33.976     8.68   13.52
 -36840.430    37.795    10.17   14.19
 -36464.984    38.025     0.61   12.81
 -36089.529    40.463     6.49   12.01
 -35714.064    43.632     8.44   11.73
 -35338.589    45.850     5.91   12.55
 -34963.104    49.692    10.23   13.40
 -34587.610    51.317     4.33   15.36
 -34212.106    50.659    -1.75   16.38
 -33836.592    54.359     9.85   17.89
 -33461.068    54.308    -0.14   17.74
 -33085.534    55.725     3.77   17.63
 -32709.991    59.659    10.47   18.28
 -32334.438    58.615    -2.78   16.78
 -31958.875    57.795    -2.18   15.34
 -31583.302    54.053    -9.96   14.08
 -31207.720    49.789   -11.35   12.69
 -30832.128    47.675    -5.63   11.89
 -30456.526    42.800   -12.98   11.78
 -30080.914    36.525   -16.71   12.74
 -29705.292    28.846   -20.44   11.65
 -29329.661    23.158   -15.14    8.94
 -28954.020    19.293   -10.29    5.20
 -28578.369    18.718    -1.53    5.72
 -28202.708    18.244    -1.26    5.73
 -27827.037    19.425     3.14    5.66
 -27451.357    21.550     5.66    6.09
 -27075.667    23.167     4.30    6.26
 -26699.967    25.684     6.70    5.99
 -26324.257    28.350     7.10    5.80
 -25948.537    30.128     4.73    5.54
 -25572.807    31.024     2.39    5.68
 -25197.068    30.317    -1.88    5.88
 -24821.319    31.816     3.99    7.42
 -24445.560    31.650    -0.44    9.63
 -24069.791    30.825    -2.20   11.39
 -23694.012    31.000     0.47   12.77
 -23318.224    28.925    -5.52   13.68
 -22942.425    28.462    -1.23   13.93
 -22566.617    25.947    -6.69   14.04
 -22190.799    25.053    -2.38   14.75
 -21814.971    25.275     0.59   18.34
 -21439.133    24.439    -2.22   20.99
 -21063.286    26.200     4.69   24.79
 -20687.428    22.846    -8.92   25.19
 -20311.561    20.459    -6.35   23.15
 -19935.684    20.585     0.33   25.51
 -19559.797    16.205   -11.65   22.30
 -19183.900    12.026   -11.12   20.40
 -18807.993     8.450    -9.51   16.76
 -18432.076     5.051    -9.04   10.13
 -18056.150     7.524     6.58   14.91
 -17680.213     5.333    -5.83   11.24
 -17304.267     3.550    -4.74    7.65
 -16928.311     4.410     2.29   13.36
 -16552.345     1.205    -8.52    6.89
 -16176.369    -0.476    -4.47    4.83
 -15800.383    -1.526    -2.79    3.69
 -15424.387    -1.650    -0.33    2.69
 -15048.381    -0.825     2.19    3.00
 -14672.366     0.000     2.19    3.26
 -14296.340     0.975     2.59    2.95
 -13920.305     1.162     0.50    2.60
 -13544.260     2.263     2.93    1.83
 -13168.204     2.950     1.83    1.55
 -12792.139     3.125     0.47    1.64
 -12416.064     3.897     2.05    1.52
 -12039.979     3.950     0.14    1.91
 -11663.884     4.077     0.34    2.42
 -11287.780     3.676    -1.07    2.77
 -10911.665     3.675    -0.00    2.65
 -10535.540     4.244     1.51    1.76
 -10159.406     4.487     0.65    1.14
  -9783.261     4.975     1.30    1.49
  -9407.107     5.289     0.84    1.56
  -9030.943     5.548     0.69    1.38
  -8654.768     5.800     0.67    1.40
  -8278.584     6.205     1.08    1.99
  -7902.390     6.525     0.85    2.48
  -7526.186     7.538     2.69    3.14
  -7149.972     7.548     0.02    3.13
  -6773.748     6.949    -1.59    2.80
  -6397.514     6.500    -1.19    2.46
  -6021.270     6.450    -0.13    3.46
  -5645.016     5.692    -2.01    3.23
  -5268.752     5.366    -0.87    3.25
  -4892.478     4.528    -2.23    1.81
  -4516.194     4.950     1.12    2.07
  -4139.901     5.256     0.81    2.07
  -3763.597     5.410     0.41    1.79
  -3387.283     5.425     0.04    1.39
  -3010.959     5.795     0.98    1.69
  -2634.626     5.974     0.48    1.56
  -2258.282     6.308     0.89    1.88
  -1881.928     5.769    -1.43    2.98
  -1505.565     5.244    -1.40    3.84
  -1129.191     4.425    -2.18    4.52
   -752.807     3.650    -2.06    5.12
   -376.414     2.744    -2.41    5.29
     -0.010     1.050    -4.50    3.74
    376.403     0.000    -2.79    0.00
    752.827     0.205     0.54    0.92
   1129.261     0.585     1.01    1.60
   1505.704     1.079     1.31    1.94
   1882.158     1.262     0.49    1.94
   2258.622     1.205    -0.15    1.88
   2635.095     0.974    -0.61    1.77
   3011.579     0.488    -1.29    1.38
   3388.073     0.737     0.66    1.95
   3764.577     1.585     2.25    2.89
   4141.090     3.641     5.46    3.73
   4517.614     4.805     3.09    3.47
   4894.148     5.487     1.81    3.09
   5270.692     6.051     1.50    3.41
   5647.246     8.250     5.84    7.50
   6023.810    11.625     8.96    9.53
   6400.384    18.341    17.84   12.67
   6776.968    25.436    18.84   11.74
   7153.562    27.641     5.86   11.68
   7530.166    30.125     6.60   12.38
   7906.780    32.410     6.07   11.82
   8283.405    32.750     0.90   11.32
   8660.039    33.564     2.16   11.17
   9036.683    33.051    -1.36   10.62
   9413.338    32.225    -2.19   10.01
   9790.002    33.556     3.53   10.77
  10166.677    33.175    -1.01    9.46
  10543.361    34.410     3.28    9.26
  10920.056    35.050     1.70    7.70
  11296.761    36.875     4.84    6.69
  11673.476    38.641     4.69    7.08
  12050.201    42.024     8.98    7.19
  12426.936    44.615     6.88    7.43
  12803.681    47.825     8.52    7.68
  13180.436    50.750     7.76    7.87
  13557.202    53.897     8.35    7.25
  13933.977    55.929     5.39    7.19
  14310.763    56.500     1.52    6.50
  14687.558    60.375    10.28    7.34
  15064.364    65.282    13.02    8.10
  15441.180    67.463     5.79    7.11
  15818.006    69.250     4.74    6.26
  16194.842    67.711    -4.09    7.40
  16571.688    65.100    -6.93    8.12
  16948.544    63.575    -4.05    7.90
  17325.410    62.122    -3.86    8.17
  17700.545    63.525     3.74    9.06
  18075.412    65.256     4.62    9.22
  18450.290    66.500     3.32    8.57
  18825.178    66.541     0.11    8.50
  19200.075    65.075    -3.91    8.91
  19574.983    66.561     3.96    9.58
  19949.901    68.075     4.04    9.24
  20324.828    73.400    14.20    9.08
  20699.766    78.395    13.32    8.28
  21074.714    79.286     2.38    8.07
  21449.672    80.359     2.86    8.53
  21824.640    82.250     5.04    9.11
  22199.618    85.250     8.00    8.30
  22574.605    88.205     7.88    8.93
  22949.603    91.317     8.30    8.08
  23324.611    92.590     3.39    8.38
  23699.630    92.800     0.56    8.00
  24074.658    91.175    -4.33    8.04
  24449.696    90.683    -1.31    7.02
  24824.744    88.341    -6.24    6.64
  25199.802    86.605    -4.63    5.68
  25574.871    83.025    -9.55    7.55
  25949.949    79.100   -10.46    7.75
  26325.038    78.805    -0.79    7.36
  26700.136    77.775    -2.75    7.29
  27075.245    78.051     0.74    5.99
  27450.363    79.105     2.81    6.72
  27825.492    80.108     2.67    7.12
  28200.631    79.750    -0.95    7.12
  28575.780    78.400    -3.60    8.22
  28950.939    77.975    -1.13    7.30
  29326.108    77.333    -1.71    6.35
  29701.287    76.289    -2.78    7.31
  30076.476    76.405     0.31    7.35
  30451.676    76.205    -0.53    7.38
  30826.885    79.375     8.45    9.27
  31202.105    84.350    13.26   11.98
  31577.334    90.436    16.22   14.35
  31952.574    95.619    13.81   16.83
  32327.824   102.342    17.92   19.77
  32703.084   113.125    28.74   23.32
  33078.354   119.897    18.05   24.34
  33453.634   122.951     8.14   21.77
  33828.925   127.512    12.15   18.27
  34204.225   128.385     2.32   15.87
  34579.536   127.925    -1.22   13.59
  34954.856   124.900    -8.06   13.31
  35330.187   119.171   -15.26   14.71
  35705.528   113.975   -13.84   17.49
  36080.879   109.000   -13.25   18.52
  36456.241   102.789   -16.55   18.93
  36831.612    98.605   -11.15   19.49
  37206.993    92.325   -16.73   19.70
  37582.385    88.025   -11.45   22.41
  37957.787    87.875    -0.40   23.24
  38333.199    83.475   -11.72   16.63
  38708.621    78.730   -12.64    9.44
  39084.053    80.415     4.49    8.43
  39459.496    78.872    -4.11    7.63
  39834.948    78.385    -1.30   10.66
  40210.411    76.923    -3.89   11.75
  40585.884    73.300    -9.65   12.88
  40961.367    69.929    -8.98   14.80
  41336.860    69.632    -0.79   14.90
  41712.363    67.875    -4.68   16.22
  42087.877    66.974    -2.40   19.73
  42463.401    59.829   -19.03   22.39
  42838.935    53.476   -16.92   25.15
  43214.479    51.590    -5.02   25.37
  43590.033    46.100   -14.62   26.43
  43965.598    42.700    -9.05   28.15
  44341.172    37.707   -13.29   21.97
  44716.757    32.950   -12.67   12.01
  45092.352    32.256    -1.85    6.66
  45467.957    36.538    11.40    8.88
  45843.573    39.308     7.37    8.86
  46219.199    41.650     6.24   10.31
  46594.834    43.795     5.71   10.09
  46970.480    43.487    -0.82   10.72
  47346.137    47.171     9.81   10.27
  47721.803    53.667    17.29   11.16
  48097.480    59.900    16.59   14.30
  48473.167    66.513    17.60   13.94
  48848.864    72.725    16.54   14.25
  49224.571    75.475     7.32   12.55
  49600.289    77.103     4.33    9.14
  49976.017    76.143    -2.55    9.35
  50351.755    73.795    -6.25   11.44
  50727.503    72.951    -2.25   16.78
  51103.262    70.564    -6.35   16.15
  51479.031    67.025    -9.42   16.23
  51854.810    68.952     5.13   19.23
  52230.599    70.868     5.10   18.24
  52606.398    69.225    -4.37   13.81
  52982.208    69.125    -0.27   13.71
  53358.028    66.415    -7.21   12.01
  53733.859    65.488    -2.47   11.08
  54109.699    65.846     0.95   10.42
  54485.550    64.026    -4.84    9.50
  54861.411    60.675    -8.91    9.15
  55237.282    61.923     3.32    9.05
  55613.164    64.359     6.48    8.08
  55989.056    65.949     4.23    8.04
  56364.958    69.462     9.35    7.18
  56740.870    70.105     1.71    6.56
  57116.793    70.025    -0.21    6.96
  57492.726    68.025    -5.32    8.34
  57868.669    65.275    -7.32   10.16
  58244.623    62.025    -8.65   10.70
  58620.587    56.658   -14.28   11.28
  58996.561    52.561   -10.90   11.88
  59372.545    49.615    -7.83   12.44
  59748.540    48.250    -3.63   13.77
  60124.545    46.125    -5.65   14.86
  60500.560    42.775    -8.91   13.22
  60876.586    39.714    -8.14   12.85
  61252.622    36.026    -9.81   12.38
  61628.668    30.650   -14.30   10.77
  62004.725    27.795    -7.59    9.21
  62380.792    25.293    -6.65    5.68
  62756.869    24.524    -2.04    4.97
  63132.956    24.579     0.15    3.70
  63509.054    25.050     1.25    3.49
  63885.162    25.725     1.79    4.49
  64261.281    29.317     9.55    8.09
  64637.410    31.775     6.54    8.60
  65013.549    33.895     5.64    9.92
  65389.698    38.846    13.16   13.09
  65765.858    45.846    18.61   15.25
  66142.028    53.350    19.95   15.92
  66518.209    58.750    14.36   12.82
  66894.400    57.900    -2.26   13.34
  67270.601    54.821    -8.19   15.26
  67646.813    54.278    -1.44   14.41
  68023.035    53.100    -3.13   13.81
  68399.267    50.575    -6.71   12.65
  68775.510    50.425    -0.40   12.20
  69151.763    51.600     3.12   12.54
  69528.026    57.000    14.35   17.05
  69904.300    64.500    19.93   19.14
  70280.584    66.744     5.96   18.75
  70656.878    70.634    10.34   19.23
  71033.183    73.400     7.35   18.05
  71409.499    77.282    10.32   16.69
  71785.824    80.833     9.44   16.69
  72162.160    82.436     4.26   15.02
  72538.507    87.500    13.46   12.64
  72914.863    92.725    13.88   11.83
  73291.231    97.341    12.27   10.01
  73667.608   101.286    10.48    8.73
  74043.996   105.263    10.57    8.04
  74420.395   107.475     5.88    8.27
  74796.803   109.850     6.31    8.46
  75173.223   113.976    10.96    8.73
  75549.652   117.750    10.03    9.15
  75926.092   122.459    12.51    7.88
  76302.543   124.590     5.66    8.40
  76679.004   125.875     3.41    8.91
  77055.475   127.050     3.12    9.90
  77431.957   125.525    -4.05   12.09
  77808.449   126.325     2.12   12.20
  78184.951   126.128    -0.52   11.34
  78561.464   122.297   -10.18   10.36
  78937.988   112.250   -26.69   17.21
  79314.522    97.244   -39.86   23.17
  79691.066    84.475   -33.91   21.18
  80067.621    72.225   -32.53   16.66
  80444.186    68.816    -9.05   11.07
  80820.761    76.024    19.14   15.47
  81197.347    83.350    19.46   18.87
  81573.944    94.256    28.96   16.66
  81950.551   100.875    17.58   12.69
  82327.168   102.564     4.49   12.57
  82703.796   104.452     5.01   12.43
  83080.435   111.256    18.07   18.37
  83457.083   126.625    40.81   26.93
  83833.743   140.300    36.31   28.58
  84210.412   151.513    29.77   24.34
  84587.093   160.929    25.00   21.22
  84963.783   163.579     7.04   16.20
  85340.485   170.103    17.32   13.65
  85717.196   176.650    17.38    8.25
  86093.918   180.750    10.88   10.90
  86470.651   185.275    12.01   12.70
  86847.394   189.737    11.84   14.36
  87224.148   194.692    13.15   12.10
  87600.912   196.575     5.00   10.90
  87977.686   199.128     6.78   15.39
  88354.471   206.475    19.50   21.61
  88731.267   210.895    11.73   22.32
  89108.073   214.000     8.24   22.47
  89484.890   216.077     5.51   20.05
  89861.717   216.902     2.19   20.39
  90238.555   224.561    20.32   24.30
  90615.403   228.902    11.52   24.71
  90992.261   228.659    -0.65   25.32
  91369.131   225.692    -7.87   27.09
  91746.010   221.634   -10.77   29.50
  92122.901   217.171   -11.84   32.64
  92499.654   208.769   -22.30   36.22
  92874.474   204.350   -11.79   37.00
  93249.304   193.368   -29.30   32.93
  93624.144   187.571   -15.47   26.77
  93998.995   185.925    -4.39   21.08
  94373.857   181.925   -10.67   14.90
  94748.729   184.881     7.89   15.60
  95123.611   185.974     2.92   15.11
  95498.504   188.585     6.97   14.94
  95873.407   197.789    24.55   21.30
  96248.321   201.275     9.30   23.24
  96623.245   210.625    24.94   31.05
  96998.179   214.575    10.54   30.16
  97373.124   214.025    -1.47   24.69
  97748.079   216.789     7.37   19.94
  98123.045   227.632    28.92   26.01
  98498.021   245.950    48.86   35.26
  98873.008   263.075    45.67   37.09
  99248.005   279.195    42.99   36.73
  99623.013   292.950    36.68   31.56
  99998.031   299.225    16.73   29.42
 100373.059   301.132     5.08   26.88
 100748.098   301.805     1.80   30.91
 101123.147   301.610    -0.52   28.53
 101498.207   300.950    -1.76   26.06
 101873.278   299.025    -5.13   24.09
 102248.359   298.256    -2.05   23.01
 102623.450   295.651    -6.95   25.25
 102998.552   303.051    19.73   28.48
 103373.664   314.225    29.79   27.69
 103748.787   327.125    34.39   34.09
 104123.920   341.385    38.01   38.84
 104499.064   355.976    38.90   49.66
 104874.218   364.605    23.00   57.67
 105249.383   389.800    67.16   66.72
 105624.558   418.700    77.04   64.76
 105999.744   434.902    43.19   64.13
 106374.940   450.600    41.84   60.31
 106750.147   445.395   -13.87   62.12
 107125.364   446.769     3.66   55.56
 107500.592   448.850     5.55   48.72
 107875.830   450.750     5.06   49.61
 108251.079   452.800     5.46   47.98
 108626.338   448.900   -10.39   51.29
 109001.608   444.949   -10.53   47.45
 109376.888   432.194   -33.99   39.93
 109752.179   424.550   -20.37   35.31
 110127.481   415.775   -23.38   30.58
 110502.792   405.275   -27.98   29.25
 110878.115   396.300   -23.91   28.72
 111253.448   386.385   -26.42   29.71
 111628.792   381.405   -13.27   29.05
 112004.146   376.154   -13.99   30.41
 112379.510   370.537   -14.97   31.64
 112754.885   363.897   -17.69   29.99
 113130.271   361.375    -6.72   32.78
 113505.668   360.286    -2.90   35.35
 113881.074   365.184    13.05   38.83
 114256.492   365.725     1.44   44.20
 114631.920   362.925    -7.46   48.63
 115007.358   349.927   -34.62   46.66
 115382.807   330.488   -51.78   44.21
 115758.267   321.462   -24.04   31.46
 116133.737   315.641   -15.50   25.86
 116509.218   310.700   -13.16   22.10
 116884.710   307.220    -9.27   21.11
 117260.212   299.282   -21.14   19.11
 117635.724   297.000    -6.08   16.09
 118011.247   295.200    -4.79   15.56
 118386.781   293.553    -4.39   16.31
 118762.325   292.350    -3.20   14.65
 119137.880   283.600   -23.30   16.48
 119513.446   276.725   -18.31   17.64
 119889.022   274.976    -4.66   17.08
 120264.609   270.816   -11.08   18.83
 120640.206   271.341     1.40   20.91
 121015.814   267.821    -9.37   17.59
 121391.433   265.762    -5.48   14.66
 121767.062   263.875    -5.02   13.30
 122142.702   258.750   -13.64   14.40
 122518.352   256.500    -5.99   12.80
 122894.013   253.474    -8.06   10.67
 123269.685   250.366    -8.27   10.98
 123645.367   248.000    -6.30   10.66
 124021.060   243.927   -10.84    8.97
 124396.763   241.951    -5.26    9.38
 124772.478   241.564    -1.03   10.19
 125148.202   240.634    -2.48   10.09
 125523.938   240.220    -1.10   11.06
 125899.684   243.659     9.15   13.36
 126275.441   248.925    14.02   14.59
 126651.208   254.359    14.46   14.68
 127026.986   256.950     6.90   12.69
 127402.775   260.615     9.75   11.93
 127778.574   265.975    14.26   12.42
 128154.384   273.550    20.16   13.11
 128530.205   280.400    18.23   11.90
 128906.036   284.439    10.75    9.93
 129281.878   284.359    -0.21   12.23
 129657.731   281.625    -7.27   10.61
 130033.594   277.282   -11.56    7.97
 130409.468   273.900    -9.00    8.10
 130785.353   269.951   -10.51    8.00
 131161.248   265.179   -12.70    6.87
 131537.154   259.756   -14.43    8.44
 131913.071   254.923   -12.86    9.04
 132288.998   251.953    -7.90    8.33
 132664.937   248.675    -8.72    7.77
 133040.885   246.077    -6.91    8.24
 133416.845   244.524    -4.13    7.56
 133792.815   244.342    -0.48    8.20
 134168.796   243.381    -2.56    8.29
 134544.788   241.385    -5.31    7.16
 134920.790   240.683    -1.87    7.86
 135296.803   237.725    -7.87    7.98
 135672.827   233.385   -11.54    7.78
 136048.861   230.415    -7.90    8.66
 136424.906   226.897    -9.35    8.35
 136800.962   223.537    -8.94    9.21
 137177.029   221.000    -6.75    8.50
 137553.106   217.641    -8.93    8.22
 137929.194   215.225    -6.42    7.32
 138305.293   212.925    -6.12    6.83
 138681.403   210.650    -6.05    7.08
 139057.523   208.462    -5.82    7.28
 139433.654   207.600    -2.29    8.34
 139809.796   212.268    12.41   12.72
 140185.948   216.700    11.78   13.51
 140562.111   220.500    10.10   11.71
 140938.285   221.103     1.60   11.50
 141314.470   217.195   -10.39   11.79
 141690.666   212.317   -12.97    9.47
 142066.872   208.615    -9.84    9.89
 142443.089   204.805   -10.13    9.01
 142819.317   201.132    -9.76    8.91
 143195.555   199.953    -3.13    9.61
 143571.805   199.925    -0.08   10.10
 143948.065   201.949     5.38    8.19
 144324.336   199.976    -5.24    7.79
 144700.617   198.816    -3.08    7.06
 145076.910   195.238    -9.51    7.72
 145453.213   190.128   -13.58    8.21
 145829.527   183.951   -16.42    9.09
 146205.852   179.625   -11.50    7.54
 146582.188   174.795   -12.84    7.27
 146958.534   171.780    -8.01    7.61
 147334.891   168.132    -9.70    7.97
 147711.259   165.244    -7.67    7.56
 148087.638   162.275    -7.89    7.43
 148464.027   159.436    -7.54    7.67
 148840.428   157.350    -5.54    7.62
 149216.839   154.128    -8.56    7.33
 149593.261   150.100   -10.70    8.98
 149969.694   144.100   -15.94   11.18
 150346.138   139.205   -13.00   10.49
 150722.592   134.610   -12.21    9.85
 151099.057   131.000    -9.59    9.03
 151475.533   127.450    -9.43    7.18
 151852.020   124.525    -7.77    5.53
 152228.518   122.293    -5.93    3.54
 152605.027   121.195    -2.92    3.46
 152981.546   121.590     1.05    5.24
 153358.077   127.561    15.86   10.61
 153734.618   132.923    14.24   11.36
 154111.170   140.195    19.31   11.46
 154487.733   146.974    18.00   10.15
 154864.306   149.786     7.47   10.75
