# NaN NaN NaN ;Mean Elev.(m), Avg Gradient(m/km), RMS Gradient(m/km) - SRTM1     
#   -9.564  -4.017  12.663 ;Mean Elev.(m), Avg Gradient(m/km), RMS Gradient(m/km) - ASTER GDEM
#   28.403  -3.745   8.666 ;Mean Elev.(m), Avg Gradient(m/km), RMS Gradient(m/km) - GMTED2010 
  8    37.042 52481.16098485 22.41  95.142272  19.721097 14.169
  8    37.615 52481.16098549 21.70  95.141482  19.717797 14.169
  9    40.380 52516.16093743 36.38  95.148129  19.715630 24.088
  9    40.551 52516.16093807 37.90  95.147339  19.712330 24.088
  9    40.814 52516.16093872 36.50  95.146549  19.709040 24.088
 10    37.692 52551.16098462 23.13  95.143227  19.718874 16.646
 10    34.648 52551.16098526 31.58  95.142437  19.715574 16.646
 11    30.527 52586.16095872 27.57  95.151732  19.710037 16.579
 11    30.651 52586.16095936 30.68  95.150942  19.706747 16.579
 11    30.384 52586.16096001 28.07  95.150152  19.703447 16.579
 12    28.351 52621.16093594 29.38  95.143142  19.719050 16.792
 12    28.543 52621.16093658 32.82  95.142352  19.715750 16.792
 15    26.828 52726.16096653 44.95  95.147349  19.715094  8.024
 15    26.979 52726.16096717 36.13  95.146559  19.711804  8.024
 16    28.257 52761.16097822 23.18  95.138975  19.739663 17.590
 16    27.986 52761.16097886 23.34  95.138185  19.736363 17.590
 16    32.318 52761.16097951 15.51  95.137395  19.733063 17.590
 16    32.464 52761.16098015 12.55  95.136605  19.729773 17.590
 16    31.158 52761.16098080 14.12  95.135815  19.726473 17.590
 17    29.656 52796.16094179 27.82  95.152526  19.710426  7.576
 17    29.356 52796.16094243 23.75  95.151736  19.707126  7.576
 17    39.236 52796.16094308 20.20  95.150946  19.703826  7.576
 18    38.311 52831.16100876 17.21  95.153631  19.709218 12.924
 18    37.999 52831.16100941 18.50  95.152841  19.705918 12.924
 18    39.233 52831.16101005 18.19  95.152051  19.702618 12.924
 19    35.179 52866.16105252 20.65  95.154285  19.709000 11.843
 19    37.155 52866.16105316 18.35  95.153495  19.705700 11.843
 19    37.847 52866.16105381 17.78  95.152705  19.702400 11.843
 20    38.205 52901.16107888 25.31  95.144753  19.720029 12.366
 20    35.354 52901.16107953 23.70  95.143963  19.716729 12.366
 20    43.487 52901.16108017 22.48  95.143173  19.713429 12.366
 21    33.397 52936.16102026 31.25  95.142649  19.719676 17.475
 21    33.339 52936.16102090 30.33  95.141859  19.716376 17.475
 22    28.686 52971.16104486 29.11  95.145798  19.716286 14.878
 22    28.753 52971.16104551 32.82  95.145008  19.712986 14.878
 23    27.819 53006.16105774 27.32  95.140955  19.721712 21.121
 23    27.717 53006.16105838 33.39  95.140165  19.718412 21.121
 24    27.199 53041.16101020 45.86  95.145701  19.717428 30.585
 24    27.212 53041.16101085 47.39  95.144911  19.714128 30.585
 24    27.238 53041.16101149 47.02  95.144121  19.710828 30.585
 25    27.286 53076.16104252 47.35  95.142389  19.720971 31.962
 25    27.285 53076.16104317 48.10  95.141605  19.717674 10.965
 26    32.023 53111.16101232 12.50  95.143199  19.721156  9.345
 26    31.186 53111.16101296 13.97  95.142409  19.717856  9.345
 26    29.978 53111.16101361 14.08  95.141619  19.714556  9.345
 28    34.030 53181.16106399 17.56  95.149648  19.713882 12.352
 28    34.252 53181.16106463 15.20  95.148862  19.710585  8.895
 28    36.419 53181.16106528 14.75  95.148072  19.707285  8.895
 29    41.133 53216.16108587 31.76  95.145090  19.719808 26.523
 29    41.483 53216.16108652 34.00  95.144300  19.716508 26.523
 29    41.672 53216.16108716 35.84  95.143514  19.713211 14.894
 30    38.979 53251.16106372 27.20  95.142246  19.724134 15.359
 30    38.537 53251.16106437 23.33  95.141456  19.720834 15.359
 30    38.402 53251.16106501 15.80  95.140666  19.717534 15.359
 31    38.817 53286.16105686 25.82  95.143495  19.722642 11.759
 31    38.345 53286.16105751 23.58  95.142701  19.719346 10.695
 31    35.776 53286.16105815 27.05  95.141911  19.716046 10.695
 32    30.733 53321.16103557 30.70  95.153471  19.708838 17.971
 32    31.252 53321.16103621 30.61  95.152681  19.705538 17.971
 32    31.245 53321.16103686 32.16  95.151895  19.702241  7.620
 33    28.663 53356.16100474 25.90  95.149494  19.710879 13.821
 33    33.024 53356.16100538 21.29  95.148704  19.707581  7.553
 34    28.137 53391.16101599 28.44  95.147216  19.718002 11.106
 34    27.971 53391.16101664 44.40  95.146423  19.714706 14.597
 34    28.387 53391.16101728 47.98  95.145633  19.711406 14.597
 35    28.481 53426.16101355 40.55  95.149080  19.712822  8.214
 35    28.713 53426.16101419 34.31  95.148290  19.709522  8.214
 36    36.066 53461.16102389 21.08  95.151679  19.712890 12.508
 36    35.917 53461.16102453 18.56  95.150889  19.709590 12.508
 36    36.007 53461.16102517 18.17  95.150099  19.706290 12.508
 37    33.302 53496.16110152 10.61  95.140590  19.723242 10.233
 37    32.087 53496.16110216 11.80  95.139810  19.719942 10.233
 38    28.411 53531.16108103 24.09  95.149659  19.712506  8.347
 38    33.233 53531.16108167 19.07  95.148869  19.709206  8.347
 39    33.632 53566.16110517 21.34  95.140801  19.724245  8.537
 39    33.840 53566.16110582 19.83  95.140011  19.720945  8.537
 39    33.799 53566.16110646 18.17  95.139221  19.717645  8.537
 40    37.725 53601.16104966 20.29  95.147012  19.717634 10.112
 40    37.620 53601.16105030 19.72  95.146222  19.714334 10.112
 40    37.607 53601.16105095 17.69  95.145432  19.711036 11.604
 41    34.157 53636.16104662 24.16  95.144677  19.719061 12.089
 41    34.143 53636.16104727 25.76  95.143887  19.715761 12.089
 42    31.347 53671.16106733 26.41  95.142299  19.722365 14.322
 42    31.883 53671.16106797 26.54  95.141509  19.719065 14.322
 43    29.173 53706.16100112 25.23  95.150905  19.712783 11.897
 43    31.053 53706.16100177 22.18  95.150115  19.709483 11.897
 43    28.972 53706.16100241 22.05  95.149325  19.706183 11.897
 44    30.123 53741.16091372 21.87  95.147094  19.716484 12.004
 44    27.827 53741.16091437 22.90  95.146304  19.713184 12.004
 44    32.185 53741.16091501 21.09  95.145514  19.709884 12.004
 46    26.755 53811.16091603 22.04  95.146715  19.717154  6.604
 46    26.866 53811.16091668 18.79  95.145925  19.713854  6.604
 46    26.898 53811.16091732 18.98  95.145135  19.710554  6.604
 47    32.334 53846.16096379 13.78  95.145152  19.718116  7.972
 47    31.725 53846.16096443 12.20  95.144362  19.714816  7.972
 47    32.596 53846.16096508 13.59  95.143572  19.711516  7.972
 48    32.637 53881.16098874 16.19  95.150768  19.713457  7.997
 48    33.460 53881.16098938 18.62  95.149978  19.710157  7.997
 48    33.614 53881.16099003 20.86  95.149188  19.706857  7.997
 49    32.763 53916.16104617 18.45  95.140492  19.723842 15.574
 49    33.881 53916.16104682 18.03  95.139702  19.720552 15.574
 50    37.538 53951.16105368 34.56  95.138178  19.723210 17.584
 50    37.781 53951.16105433 33.19  95.137388  19.719910 17.584
 52    36.333 54021.16103169 45.24  95.147930  19.713170 19.796
 52    36.250 54021.16103233 45.61  95.147140  19.709870 19.796
 53    29.615 54056.16102425 27.99  95.153072  19.709358 17.057
 53    29.371 54056.16102489 27.31  95.152292  19.706058 17.057
 53    32.360 54056.16102554 26.48  95.151502  19.702758 17.057
 54    28.033 54091.16100832 22.04  95.145855  19.716987 12.454
 54    27.913 54091.16100897 22.61  95.145065  19.713687 12.454
 54    27.739 54091.16100961 23.64  95.144275  19.710387 12.454
 55    27.585 54126.16093936 45.53  95.148887  19.712616 15.152
 55    27.558 54126.16094000 47.40  95.148097  19.709316 15.152
 56    27.414 54161.16097592 40.93  95.145468  19.718644 12.695
 56    27.218 54161.16097656 40.66  95.144678  19.715344 12.695
 56    27.370 54161.16097721 40.04  95.143888  19.712044 12.695
 57    27.208 54196.16094085 19.77  95.148340  19.716124 11.055
 57    26.959 54196.16094150 18.01  95.147560  19.712824 11.055
 57    31.770 54196.16094214 11.98  95.146770  19.709524 11.055
 58    28.262 54231.16098847 24.31  95.147316  19.716726  7.061
 58    30.144 54231.16098912 20.41  95.146526  19.713426  7.061
 58    38.785 54231.16098976 16.46  95.145736  19.710126  7.061
 59    37.272 54266.16100595 18.61  95.147756  19.716962  9.043
 59    36.632 54266.16100659 19.41  95.146966  19.713662  9.043
 59    54.270 54266.16100724 19.95  95.146176  19.710362  9.043
 60    36.224 54301.16101098 19.58  95.147933  19.717210 14.856
 60    36.234 54301.16101162 18.81  95.147143  19.713910 14.856
 60    36.237 54301.16101227 16.26  95.146353  19.710610 14.856
 62    37.560 54371.16094385 26.21  95.148352  19.713386 20.534
 62    37.690 54371.16094450 25.04  95.147562  19.710086 20.534
 63    33.750 54406.16094388 33.26  95.145514  19.716905 13.842
 63    33.655 54406.16094452 31.35  95.144724  19.713615 13.842
 63    33.757 54406.16094517 30.02  95.143934  19.710315 13.842
 64    29.454 54441.16090201 18.59  95.149747  19.714117  7.920
 64    36.477 54441.16090266 17.45  95.148957  19.710817  7.920
 64    39.458 54441.16090330 17.26  95.148167  19.707517  7.920
 65    28.391 54476.16093174 37.50  95.147999  19.715611 14.579
 65    28.247 54476.16093239 42.65  95.147209  19.712311 14.579
 66    28.010 54511.16091836 43.13  95.148559  19.712735 14.438
 66    27.976 54511.16091901 37.23  95.147769  19.709435 14.438
 67    27.411 54546.16094544 48.37  95.146627  19.717701 22.032
 67    27.493 54546.16094609 49.39  95.145837  19.714411 22.032
 67    28.393 54546.16094673 42.73  95.145047  19.711111 22.032
 68    28.609 54581.16091299 21.99  95.148412  19.715164 12.000
 68    27.981 54581.16091364 15.78  95.147622  19.711874 12.000
 69    36.120 54616.16093492 12.78  95.147664  19.715182  6.601
 69    47.747 54616.16093556 12.24  95.146874  19.711892  6.601
 70    36.776 54651.16094719 19.70  95.145747  19.719157 10.640
 70    41.695 54651.16094784 18.76  95.144957  19.715857 10.640
 70    42.075 54651.16094848 16.22  95.144167  19.712557 10.640
 71    38.335 54686.16093951 27.61  95.146064  19.719302 27.995
 71    38.225 54686.16094015 33.69  95.145274  19.716002 27.995
 71    38.280 54686.16094080 38.75  95.144484  19.712702 27.995
 72    38.427 54721.16089315 33.59  95.149285  19.713551 18.089
 72    38.455 54721.16089380 34.84  95.148495  19.710251 18.089
 73    33.591 54756.16091488 33.75  95.146514  19.718742 19.389
 73    33.826 54756.16091553 34.64  95.145724  19.715442 19.389
 73    33.917 54756.16091617 37.24  95.144934  19.712142 19.389
 74    30.097 54791.16088625 39.66  95.147859  19.717384 19.849
 74    30.048 54791.16088690 39.02  95.147069  19.714084 19.849
 74    29.954 54791.16088754 38.58  95.146279  19.710784 19.849
 75    28.336 54826.16091151 21.22  95.147777  19.716931 15.658
 75    28.514 54826.16091215 22.99  95.146987  19.713641 15.658
 75    28.489 54826.16091280 25.90  95.146197  19.710341 15.658
 76    28.108 54861.16088074 33.23  95.148435  19.712492 15.553
 76    27.597 54861.16088139 25.17  95.147645  19.709192 15.553
 77    27.286 54896.16091214 31.46  95.145372  19.720157 22.537
 77    26.806 54896.16091278 24.89  95.144582  19.716857 22.537
 77    26.464 54896.16091343 24.26  95.143792  19.713567 22.537
 78    27.841 54931.16087719 23.19  95.146541  19.714986 18.286
 78    27.055 54931.16087783 22.31  95.145751  19.711686 18.286
 79    27.180 54966.16091246 40.77  95.146691  19.717884 18.477
 79    27.222 54966.16091310 35.53  95.145901  19.714584 18.477
 79    27.052 54966.16091375 33.14  95.145111  19.711294 18.477
 80    39.717 55001.16093237 27.06  95.144765  19.721222  8.536
 80    39.290 55001.16093301 18.11  95.143975  19.717922  8.536
 80    43.848 55001.16093366 17.24  95.143185  19.714632  8.536
 81    37.905 55036.16091908 16.11  95.147517  19.714540 11.389
 81    54.293 55036.16091973 15.93  95.146737  19.711240 11.389
 82    37.697 55071.16090686 40.44  95.145860  19.718905 23.757
 82    37.741 55071.16090751 45.36  95.145070  19.715605 23.757
 82    37.728 55071.16090815 46.13  95.144280  19.712305 23.757
 83    36.378 55106.16085113 46.84  95.147422  19.716397 20.695
 83    36.349 55106.16085178 50.74  95.146632  19.713097 20.695
 83    36.363 55106.16085242 46.43  95.145842  19.709797 20.695
 84    29.876 55141.16085701 34.09  95.145931  19.718824 14.634
 84    29.874 55141.16085766 34.03  95.145141  19.715524 14.634
 84    29.912 55141.16085830 36.38  95.144351  19.712224 14.634
 87    26.378 55246.16082489 48.01  95.147360  19.714942 22.077
 87    26.227 55246.16082554 50.37  95.146570  19.711642 22.077
 88    26.608 55281.16084476 34.57  95.145806  19.719829 26.485
 88    26.561 55281.16084541 30.83  95.145016  19.716529 26.485
 88    26.446 55281.16084605 31.58  95.144226  19.713239 26.485
 89    30.310 55316.16081209 53.54  95.145900  19.717097 25.079
 89    30.352 55316.16081273 52.09  95.145110  19.713797 25.079
 89    30.361 55316.16081338 46.11  95.144320  19.710507 25.079
 90    31.433 55351.16081738 18.35  95.145934  19.716745 13.743
 90    31.337 55351.16081802 18.81  95.145144  19.713455 13.743
 90    33.128 55351.16081867 20.05  95.144354  19.710155 13.743
 91    37.544 55386.16081164 22.87  95.147276  19.718157 19.713
 91    37.518 55386.16081228 24.79  95.146486  19.714867 19.713
 91    37.559 55386.16081293 24.64  95.145696  19.711567 19.713
 93    36.744 55456.16081081 19.94  95.145813  19.717746 14.484
 93    36.558 55456.16081145 20.80  95.145023  19.714446 14.484
