# NaN NaN NaN ;Mean Elev.(m), Avg Gradient(m/km), RMS Gradient(m/km) - SRTM1     
#   64.487  -0.841  28.849 ;Mean Elev.(m), Avg Gradient(m/km), RMS Gradient(m/km) - ASTER GDEM
#   83.750  -0.502  28.212 ;Mean Elev.(m), Avg Gradient(m/km), RMS Gradient(m/km) - GMTED2010 
  7    84.735 52446.16022759 20.48  96.092605  23.639380 21.780
  7    84.546 52446.16022824 16.47  96.091785  23.636090 21.780
  7    84.407 52446.16022888 17.06  96.090965  23.632790 21.780
  7    84.213 52446.16022953 17.41  96.090145  23.629500 21.780
  8    86.768 52481.16021704 22.70  96.099977  23.647911 28.677
  8    86.666 52481.16021768 20.48  96.099157  23.644621 28.677
  8    86.354 52481.16021833 25.87  96.098337  23.641321 28.677
  8    86.601 52481.16021897 23.17  96.097517  23.638031 28.677
  9    84.595 52516.16016769 33.66  96.107941  23.652376 26.666
  9    84.469 52516.16016833 31.07  96.107121  23.649086 26.666
  9    84.698 52516.16016898 33.45  96.106301  23.645783 29.168
  9    84.659 52516.16016962 35.80  96.105481  23.642493 29.168
 10    85.462 52551.16021616 36.11  96.102240  23.648888 35.364
 10    85.365 52551.16021681 38.53  96.101420  23.645598 35.364
 10    85.411 52551.16021745 41.38  96.100600  23.642298 35.364
 10    85.360 52551.16021810 46.28  96.099780  23.639008 35.364
 11    81.528 52586.16018768 38.85  96.113419  23.653271 27.322
 11    81.689 52586.16018833 41.50  96.112599  23.649981 27.322
 11    81.709 52586.16018897 43.28  96.111774  23.646680 23.791
 11    81.665 52586.16018962 45.85  96.110954  23.643390 23.791
 12    80.663 52621.16016748 51.63  96.101359  23.649182 28.033
 12    80.610 52621.16016813 47.65  96.100539  23.645882 28.033
 12    80.454 52621.16016877 48.58  96.099719  23.642592 28.033
 12    80.259 52621.16016942 44.52  96.098899  23.639292 28.033
 15    80.287 52726.16019678 42.56  96.107584  23.651670 22.264
 15    80.339 52726.16019743 39.88  96.106764  23.648380 22.264
 15    80.334 52726.16019807 45.89  96.105944  23.645080 22.264
 15    80.273 52726.16019872 39.73  96.105124  23.641790 22.264
 16    80.698 52761.16021621 44.26  96.089176  23.636898 36.764
 16    80.782 52761.16021685 47.25  96.088356  23.633598 36.764
 16    80.576 52761.16021750 47.74  96.087536  23.630298 36.764
 17    81.812 52796.16017076 24.18  96.114729  23.653658 19.774
 17    81.873 52796.16017140 22.95  96.113905  23.650357 20.068
 17    81.560 52796.16017204 22.05  96.113085  23.647067 20.068
 17    83.245 52796.16017269 19.42  96.112265  23.643767 20.068
 17    83.227 52796.16017333 20.10  96.111445  23.640477 20.068
 18    87.004 52831.16023773 33.93  96.115838  23.652414 29.883
 18    86.631 52831.16023838 31.44  96.115023  23.649114 17.448
 18    86.783 52831.16023902 27.04  96.114203  23.645824 17.448
 18    87.107 52831.16023967 26.47  96.113373  23.642524 17.448
 19    85.114 52866.16028084 18.53  96.117040  23.655547 25.293
 19    85.006 52866.16028148 18.85  96.116220  23.652247 25.293
 19    84.869 52866.16028213 19.02  96.115400  23.648957 25.293
 19    85.050 52866.16028277 18.33  96.114580  23.645657 25.293
 19    85.010 52866.16028342 20.11  96.113750  23.642367 25.293
 20    84.333 52901.16031043 50.61  96.103176  23.650160 33.158
 20    84.299 52901.16031107 46.04  96.102353  23.646858 31.975
 20    84.290 52901.16031172 45.10  96.101533  23.643568 31.975
 20    84.282 52901.16031236 47.05  96.100713  23.640268 31.975
 21    82.867 52936.16025245 45.85  96.099940  23.646538 30.407
 21    82.948 52936.16025309 48.57  96.099120  23.643248 30.407
 21    82.908 52936.16025374 44.87  96.098300  23.639948 30.407
 22    80.972 52971.16027576 32.61  96.105379  23.649586 20.907
 22    81.042 52971.16027641 39.55  96.104559  23.646296 20.907
 22    81.046 52971.16027705 43.87  96.103739  23.642996 20.907
 22    81.105 52971.16027770 31.46  96.102919  23.639706 20.907
 23    80.688 53006.16029057 32.14  96.097886  23.645244 24.602
 23    80.662 53006.16029122 35.00  96.097066  23.641954 24.602
 23    80.493 53006.16029186 31.48  96.096246  23.638654 24.602
 24    80.116 53041.16024110 26.31  96.105588  23.650681 23.379
 24    80.113 53041.16024175 29.34  96.104768  23.647391 23.379
 24    79.967 53041.16024239 26.36  96.103948  23.644091 23.379
 24    79.774 53041.16024304 22.52  96.103128  23.640801 23.379
 25    79.966 53076.16027472 35.11  96.100021  23.647729 28.424
 25    79.981 53076.16027536 33.07  96.099201  23.644439 28.424
 25    80.051 53076.16027601 32.92  96.098381  23.641139 28.424
 25    80.089 53076.16027665 30.75  96.097561  23.637849 28.424
 26    81.774 53111.16024451 51.85  96.101460  23.647910 26.752
 26    81.681 53111.16024516 49.24  96.100640  23.644620 26.752
 26    81.626 53111.16024580 46.55  96.099820  23.641320 26.752
 26    81.007 53111.16024645 42.58  96.099000  23.638030 26.752
 27    84.130 53146.16028656 48.51  96.103330  23.650678 34.198
 27    83.963 53146.16028720 41.54  96.102510  23.647378 34.198
 27    83.796 53146.16028785 33.90  96.101690  23.644088 34.198
 27    83.939 53146.16028849 36.42  96.100870  23.640788 34.198
 28    85.884 53181.16029360 26.74  96.110653  23.653836 25.195
 28    85.526 53181.16029424 22.12  96.109833  23.650546 25.195
 28    85.296 53181.16029489 20.85  96.109013  23.647246 25.195
 28    85.188 53181.16029553 21.58  96.108193  23.643956 25.195
 28    85.606 53181.16029618 23.33  96.107373  23.640656 25.195
 29    87.343 53216.16031742 22.23  96.103672  23.649872  3.258
 29    87.024 53216.16031806 21.89  96.102852  23.646582  3.258
 29    87.629 53216.16031871 20.99  96.102032  23.643282  3.258
 29    87.930 53216.16031935 19.94  96.101212  23.639992  3.258
 30    85.611 53251.16029720 27.40  96.098002  23.644396 31.467
 30    85.649 53251.16029785 28.79  96.097182  23.641106 31.467
 30    85.857 53251.16029849 32.93  96.096362  23.637806 31.467
 31    85.499 53286.16028906 27.73  96.101706  23.649350 29.804
 31    85.249 53286.16028970 24.57  96.100886  23.646060 29.804
 31    85.064 53286.16029035 26.73  96.100066  23.642760 29.804
 31    85.145 53286.16029099 29.93  96.099246  23.639470 29.804
 32    82.431 53321.16026389 46.02  96.116139  23.655381 32.166
 32    82.346 53321.16026453 44.00  96.115319  23.652081 32.166
 32    82.333 53321.16026518 49.78  96.114499  23.648791 32.166
 32    82.138 53321.16026582 45.82  96.113679  23.645491 32.166
 32    82.156 53321.16026647 42.88  96.112859  23.642201 32.166
 33    81.159 53356.16023371 48.69  96.110922  23.654177 36.515
 33    80.974 53356.16023435 48.92  96.110102  23.650877 36.515
 33    80.955 53356.16023500 47.80  96.109282  23.647587 36.515
 33    80.940 53356.16023564 43.57  96.108462  23.644287 36.515
 33    80.906 53356.16023628 42.19  96.107642  23.640997 36.515
 34    80.503 53391.16024689 28.25  96.107032  23.651293 21.073
 34    80.217 53391.16024754 32.29  96.106212  23.648003 21.073
 34    80.231 53391.16024818 40.76  96.105392  23.644703 21.073
 34    80.189 53391.16024883 43.56  96.104572  23.641413 21.073
 35    81.887 53426.16024316 51.19  96.109874  23.652799 23.077
 35    82.018 53426.16024381 52.96  96.109054  23.649499 23.077
 35    81.802 53426.16024445 48.11  96.108234  23.646209 23.077
 35    81.722 53426.16024510 37.13  96.107414  23.642909 23.077
 36    82.944 53461.16025350 44.48  96.113058  23.652803 27.843
 36    82.985 53461.16025414 44.77  96.112238  23.649503 27.843
 36    82.888 53461.16025479 43.71  96.111418  23.646213 27.843
 36    82.772 53461.16025543 41.95  96.110598  23.642913 27.843
 37    81.073 53496.16033500 50.36  96.096886  23.643492 29.964
 37    81.027 53496.16033564 50.67  96.096066  23.640202 29.964
 37    81.051 53496.16033629 42.07  96.095246  23.636902 29.964
 38    80.918 53531.16031064 16.07  96.110537  23.652489 13.341
 38    81.079 53531.16031128 17.56  96.109717  23.649189 13.341
 38    80.823 53531.16031193 19.89  96.108897  23.645899 13.341
 38    80.998 53531.16031257 21.42  96.108077  23.642599 13.341
 39    85.812 53566.16033930 48.28  96.095969  23.641113 31.716
 39    85.862 53566.16033994 46.84  96.095149  23.637823 31.716
 40    85.966 53601.16028056 23.14  96.106086  23.651079 30.393
 40    85.705 53601.16028121 21.89  96.105266  23.647779 30.393
 40    85.387 53601.16028185 22.73  96.104446  23.644489 30.393
 40    85.740 53601.16028250 25.98  96.103626  23.641189 30.393
 41    83.938 53636.16027817 20.05  96.103627  23.649073 14.013
 41    83.745 53636.16027881 16.42  96.102807  23.645783 14.013
 41    82.998 53636.16027946 17.03  96.101987  23.642483 14.013
 41    82.202 53636.16028010 21.43  96.101167  23.639193 14.013
 42    83.914 53671.16030016 44.39  96.099340  23.645805 33.296
 42    83.850 53671.16030081 47.31  96.098520  23.642515 33.296
 42    83.816 53671.16030145 49.40  96.097700  23.639215 33.296
 43    81.124 53706.16023073 43.31  96.111602  23.652793 24.872
 43    81.194 53706.16023138 34.92  96.110782  23.649493 24.872
 43    81.064 53706.16023202 35.62  96.109962  23.646203 24.872
 43    80.853 53706.16023267 33.01  96.109142  23.642903 24.872
 44    80.668 53741.16014462 50.89  96.105753  23.649962 29.060
 44    80.432 53741.16014527 52.98  96.104933  23.646662 29.060
 44    80.406 53741.16014591 50.32  96.104113  23.643372 29.060
 44    80.412 53741.16014656 51.68  96.103290  23.640068 26.351
 46    81.004 53811.16014693 50.62  96.105570  23.650665 31.001
 46    80.848 53811.16014758 52.29  96.104750  23.647365 31.001
 46    80.826 53811.16014822 53.59  96.103930  23.644075 31.001
 46    80.831 53811.16014887 51.85  96.103110  23.640775 31.001
 47    81.138 53846.16019468 38.72  96.104870  23.651454 28.674
 47    81.145 53846.16019533 48.21  96.104050  23.648164 28.674
 47    81.197 53846.16019597 49.58  96.103220  23.644864 28.674
 47    81.226 53846.16019662 45.74  96.102400  23.641574 28.674
 48    81.193 53881.16021835 49.30  96.111944  23.653431 29.920
 48    81.009 53881.16021899 52.00  96.111124  23.650141 29.920
 48    81.041 53881.16021964 46.68  96.110304  23.646841 29.920
 48    80.973 53881.16022028 48.62  96.109474  23.643551 29.920
 49    84.719 53916.16028029 20.94  96.095865  23.640804 21.114
 49    84.029 53916.16028094 24.21  96.095045  23.637514 21.114
 50    84.323 53951.16028780 25.57  96.093424  23.640117 24.573
 50    84.165 53951.16028845 27.92  96.092604  23.636817 24.573
 50    84.259 53951.16028909 30.54  96.091784  23.633527 24.573
 50    84.196 53951.16028974 29.01  96.090964  23.630227 24.573
 52    84.219 54021.16026129 37.79  96.109254  23.653075 24.949
 52    84.162 54021.16026194 41.22  96.108434  23.649785 24.949
 52    84.100 54021.16026258 43.67  96.107614  23.646485 24.949
 52    84.018 54021.16026323 43.38  96.106794  23.643195 24.949
 53    81.418 54056.16025321 50.85  96.114931  23.652565 38.026
 53    81.420 54056.16025386 48.18  96.114111  23.649265 38.026
 53    81.499 54056.16025450 47.96  96.113291  23.645975 38.026
 53    81.274 54056.16025515 51.63  96.112471  23.642675 38.026
 54    80.863 54091.16023922 52.10  96.104921  23.650459 33.009
 54    80.724 54091.16023986 54.17  96.104101  23.647169 33.009
 54    80.712 54091.16024051 49.47  96.103281  23.643869 33.009
 54    80.512 54091.16024115 48.53  96.102461  23.640579 33.009
 55    80.190 54126.16016896 38.41  96.110368  23.652563 23.331
 55    80.348 54126.16016961 39.96  96.109548  23.649263 23.331
 55    80.220 54126.16017025 37.43  96.108728  23.645973 23.331
 55    80.213 54126.16017090 39.43  96.107898  23.642673 23.331
 56    80.561 54161.16020746 49.35  96.103989  23.648678 24.051
 56    80.492 54161.16020811 47.21  96.103169  23.645378 24.051
 56    80.484 54161.16020875 47.78  96.102349  23.642088 24.051
 56    80.492 54161.16020939 46.08  96.101529  23.638788 24.051
 57    80.547 54196.16017111 48.08  96.108910  23.652769 32.328
 57    80.602 54196.16017175 47.67  96.108090  23.649469 32.328
 57    80.635 54196.16017240 46.53  96.107260  23.646179 32.328
 57    80.497 54196.16017304 51.58  96.106440  23.642879 32.328
 58    85.849 54231.16021873 17.21  96.107639  23.653491 20.397
 58    81.379 54231.16021937 18.93  96.106819  23.650191 20.397
 58    81.194 54231.16022002 18.97  96.105999  23.646901 20.397
 58    81.065 54231.16022066 22.03  96.105179  23.643601 20.397
 58    80.818 54231.16022131 29.97  96.104359  23.640311 20.397
 59    85.397 54266.16023621 44.64  96.108001  23.653594 33.134
 59    85.401 54266.16023685 45.31  96.107181  23.650294 33.134
 59    85.413 54266.16023750 46.94  96.106361  23.647004 33.134
 59    85.426 54266.16023814 40.68  96.105541  23.643704 33.134
 59    85.385 54266.16023878 41.96  96.104721  23.640414 33.134
 60    86.293 54301.16024123 27.44  96.108126  23.653854 26.684
 60    86.053 54301.16024188 18.09  96.107306  23.650554 26.684
 60    85.765 54301.16024252 17.79  96.106486  23.647264 26.684
 60    85.518 54301.16024317 17.42  96.105666  23.643964 26.684
 60    85.308 54301.16024381 18.23  96.104846  23.640674 26.684
 61    86.546 54336.16022961 30.29  96.105895  23.651483 25.521
 61    86.255 54336.16023026 20.55  96.105075  23.648183 25.521
 61    86.041 54336.16023090 19.85  96.104255  23.644893 25.521
 61    85.416 54336.16023154 20.34  96.103435  23.641593 25.521
 62    85.290 54371.16017346 18.57  96.109626  23.653305  9.863
 62    84.170 54371.16017410 17.46  96.108806  23.650015  9.863
 62    84.052 54371.16017475 19.19  96.107986  23.646715  9.863
 62    84.128 54371.16017539 18.49  96.107166  23.643425  9.863
 63    83.224 54406.16017478 34.03  96.104794  23.650306 24.446
 63    83.040 54406.16017542 36.97  96.103974  23.647006 24.446
 63    83.045 54406.16017607 34.72  96.103154  23.643716 24.446
 63    82.712 54406.16017671 29.13  96.102334  23.640416 24.446
 64    81.595 54441.16013162 41.33  96.111320  23.654019 32.316
 64    81.581 54441.16013226 39.67  96.110500  23.650729 32.316
 64    81.667 54441.16013291 42.74  96.109680  23.647429 32.316
 64    81.668 54441.16013355 44.67  96.108860  23.644139 32.316
 64    81.526 54441.16013420 43.13  96.108040  23.640839 32.316
 65    80.985 54476.16016200 35.51  96.108249  23.652254 22.272
 65    80.981 54476.16016264 38.25  96.107429  23.648964 22.272
 65    80.962 54476.16016329 38.49  96.106609  23.645664 22.272
 65    80.742 54476.16016393 36.46  96.105789  23.642374 22.272
 66    81.889 54511.16014797 43.29  96.109975  23.652612 35.762
 66    81.854 54511.16014862 44.50  96.109155  23.649312 35.762
 66    81.710 54511.16014926 48.23  96.108335  23.646022 35.762
 66    81.787 54511.16014991 47.82  96.107515  23.642722 35.762
 67    81.139 54546.16017635 24.09  96.105911  23.651143 22.568
 67    81.110 54546.16017699 23.22  96.105091  23.647853 22.568
 67    81.107 54546.16017764 27.57  96.104271  23.644553 22.568
 67    81.098 54546.16017828 34.05  96.103451  23.641263 22.568
 68    81.021 54581.16014325 20.65  96.108696  23.651892 18.886
 68    80.901 54581.16014389 19.94  96.107876  23.648602 18.886
 68    81.198 54581.16014454 21.09  96.107056  23.645302 18.886
 68    81.185 54581.16014518 26.22  96.106236  23.642012 18.886
 69    82.321 54616.16016517 14.02  96.107840  23.651792 26.002
 69    82.224 54616.16016582 14.57  96.107014  23.648492 13.973
 69    82.340 54616.16016646 15.90  96.106194  23.645202 13.973
 69    82.403 54616.16016711 19.51  96.105374  23.641902 13.973
 70    85.795 54651.16017874 22.45  96.104375  23.649219 27.441
 70    85.532 54651.16017938 19.52  96.103555  23.645929 27.441
 70    85.327 54651.16018003 22.07  96.102735  23.642629 27.441
 70    85.930 54651.16018067 25.01  96.101915  23.639339 27.441
 71    85.823 54686.16017105 27.87  96.104438  23.649465 31.575
 71    85.756 54686.16017170 27.84  96.103618  23.646175 31.575
 71    85.588 54686.16017234 29.98  96.102796  23.642872 33.429
 71    85.818 54686.16017299 29.79  96.101976  23.639582 33.429
 72    86.477 54721.16012276 32.40  96.110733  23.653415 20.875
 72    86.415 54721.16012341 32.92  96.109903  23.650125 20.875
 72    86.559 54721.16012405 33.52  96.109093  23.646825 20.875
 72    86.583 54721.16012470 39.23  96.108263  23.643535 20.875
 73    83.786 54756.16014579 43.54  96.105875  23.652004 24.769
 73    83.932 54756.16014643 43.98  96.105055  23.648714 24.769
 73    83.763 54756.16014708 42.27  96.104235  23.645414 24.769
 73    83.764 54756.16014772 43.36  96.103415  23.642124 24.769
 74    81.878 54791.16011651 41.09  96.108535  23.654006 33.344
 74    81.924 54791.16011716 44.08  96.107715  23.650706 33.344
 74    82.015 54791.16011780 47.12  96.106885  23.647416 33.344
 74    81.766 54791.16011845 45.80  96.106065  23.644116 33.344
 74    81.760 54791.16011909 50.14  96.105245  23.640826 33.344
 75    81.082 54826.16014176 48.45  96.108117  23.653613 21.350
 75    81.056 54826.16014241 50.66  96.107297  23.650312 30.797
 75    80.957 54826.16014305 48.07  96.106477  23.647022 30.797
 75    80.908 54826.16014370 46.11  96.105657  23.643722 30.797
 75    80.849 54826.16014434 44.22  96.104837  23.640432 30.797
 76    80.711 54861.16011035 47.57  96.109790  23.652306 36.140
 76    80.547 54861.16011100 46.62  96.108970  23.649006 36.140
 76    80.575 54861.16011164 43.17  96.108150  23.645716 36.140
 76    80.610 54861.16011229 43.59  96.107330  23.642416 36.140
 77    80.717 54896.16014368 20.73  96.103835  23.650228 17.239
 77    80.675 54896.16014433 22.55  96.103015  23.646928 17.239
 77    80.462 54896.16014497 24.06  96.102195  23.643638 17.239
 77    80.551 54896.16014562 30.41  96.101375  23.640338 17.239
 78    81.156 54931.16010745 32.08  96.107061  23.651748 30.472
 78    81.108 54931.16010809 33.03  96.106241  23.648458 30.472
 78    81.202 54931.16010873 44.07  96.105421  23.645158 30.472
 78    81.210 54931.16010938 43.64  96.104601  23.641868 30.472
 79    80.761 54966.16014336 29.98  96.106103  23.651278 19.362
 79    80.827 54966.16014401 31.86  96.105276  23.647976 27.832
 79    80.728 54966.16014465 35.07  96.104456  23.644686 27.832
 79    80.779 54966.16014530 37.80  96.103636  23.641386 27.832
 80    83.310 55001.16016456 15.12  96.102543  23.647939 15.172
 80    82.900 55001.16016521 14.56  96.101723  23.644639 15.172
 80    83.014 55001.16016585 17.14  96.100903  23.641349 15.172
 81    84.970 55036.16014934 16.62  96.107759  23.651272 25.088
 81    84.322 55036.16014999 18.99  96.106939  23.647972 25.088
 81    83.984 55036.16015063 17.04  96.106119  23.644682 25.088
 81    84.080 55036.16015127 16.30  96.105299  23.641382 25.088
 82    86.840 55071.16013841 34.48  96.104173  23.649047 36.383
 82    86.909 55071.16013905 33.57  96.103351  23.645744 37.486
 82    86.893 55071.16013970 38.12  96.102531  23.642454 37.486
 82    86.932 55071.16014034 39.31  96.101711  23.639154 37.486
 83    83.713 55106.16008139 38.10  96.108001  23.652907 26.940
 83    83.585 55106.16008204 34.28  96.107171  23.649617 26.940
 83    83.447 55106.16008268 33.47  96.106351  23.646317 26.940
 83    83.491 55106.16008333 32.46  96.105531  23.643027 26.940
 84    81.665 55141.16008856 38.03  96.104427  23.648893 22.329
 84    81.575 55141.16008920 39.08  96.103607  23.645603 22.329
 84    81.614 55141.16008985 44.95  96.102787  23.642303 22.329
 84    81.597 55141.16009049 46.88  96.101967  23.639013 22.329
 85    81.176 55176.16004970 32.20  96.111021  23.653524 26.163
 85    81.022 55176.16005034 33.43  96.110201  23.650224 26.163
 85    80.949 55176.16005099 29.86  96.109381  23.646934 26.163
 85    80.746 55176.16005163 31.15  96.108551  23.643634 26.163
 87    80.642 55246.16005515 32.72  96.107821  23.651519 34.727
 87    80.636 55246.16005580 28.14  96.107001  23.648219 34.727
 87    80.291 55246.16005644 27.03  96.106181  23.644929 34.727
 87    79.944 55246.16005709 31.52  96.105361  23.641629 34.727
 88    80.569 55281.16007631 33.55  96.104261  23.650040 33.260
 88    80.435 55281.16007696 30.12  96.103441  23.646750 33.260
 88    80.425 55281.16007760 31.65  96.102621  23.643450 33.260
 88    80.324 55281.16007824 39.42  96.101801  23.640160 33.260
 89    83.647 55316.16004299 27.65  96.105318  23.650519 27.437
 89    83.533 55316.16004364 33.69  96.104498  23.647229 27.437
 89    83.503 55316.16004428 27.71  96.103678  23.643929 27.437
 89    83.599 55316.16004492 26.41  96.102858  23.640639 27.437
 90    83.345 55351.16004828 42.66  96.105156  23.650069 27.893
 90    83.218 55351.16004893 32.01  96.104336  23.646779 27.893
 90    82.962 55351.16004957 31.35  96.103516  23.643479 27.893
 90    83.211 55351.16005022 32.50  96.102696  23.640189 27.893
 91    87.023 55386.16004254 20.40  96.107024  23.651504  6.708
 91    86.126 55386.16004319 19.73  96.106204  23.648204  6.708
 91    86.177 55386.16004383 19.13  96.105384  23.644914  6.708
 91    86.562 55386.16004447 17.99  96.104564  23.641614  6.708
 92    85.420 55421.16006596 23.75  96.107285  23.651253 28.990
 92    85.142 55421.16006660 22.71  96.106468  23.647950 18.774
 92    84.936 55421.16006725 19.93  96.105648  23.644660 18.774
 92    85.025 55421.16006789 21.12  96.104828  23.641360 18.774
 93    85.520 55456.16004171 45.15  96.104894  23.651119 27.551
 93    85.525 55456.16004235 43.01  96.104074  23.647829 27.551
 93    85.469 55456.16004300 38.62  96.103253  23.644527 30.824
 93    85.442 55456.16004364 37.45  96.102433  23.641237 30.824
