# NaN NaN NaN ;Mean Elev.(m), Avg Gradient(m/km), RMS Gradient(m/km) - SRTM1     
#   43.224  -4.592   9.771 ;Mean Elev.(m), Avg Gradient(m/km), RMS Gradient(m/km) - ASTER GDEM
#   61.263  -4.998   8.472 ;Mean Elev.(m), Avg Gradient(m/km), RMS Gradient(m/km) - GMTED2010 
  7  95.736559  21.920772    66.833    66.872  4 52477.64122125 18.741
  8  95.753224  21.918194    68.062    68.045  3 52512.64116236 46.161
  9  95.739073  21.919291    64.911    64.920  3 52547.64120248 39.400
 10  95.744587  21.917246    62.487    62.558  3 52582.64120823 41.362
 11  95.741251  21.916875    60.606    61.139  3 52617.64118134 46.669
 12  95.750363  21.917391    60.327    60.327  2 52652.64115575 44.054
 13  95.746560  21.917837    59.766    59.766  2 52687.64115423 47.643
 14  95.742295  21.917863    59.256    59.242  3 52722.64120147 51.576
 15  95.731581  21.921195    62.993    63.196  5 52757.64122418 17.620
 16  95.742453  21.918084    61.556    61.588  3 52792.64117542 46.153
 18  95.747390  21.917516    66.686    66.702  3 52862.64128838 22.558
 19  95.741442  21.918354    66.682    66.682  2 52897.64131839 21.968
 20  95.742469  21.916312    65.314    65.314  2 52932.64126410 43.102
 21  95.742572  21.917748    60.414    60.137  3 52967.64126947 48.459
 22  95.735849  21.919699    63.493    63.490  5 53002.64129476 24.138
 23  95.741268  21.918080    60.457    60.663  3 53037.64124371 48.077
 24  95.741557  21.917276    60.794    60.875  3 53072.64126914 47.117
 25  95.741936  21.918241    64.078    64.078  2 53107.64124416 16.608
 26  95.740544  21.919695    62.975    62.975  2 53142.64127886 40.039
 29  95.745270  21.916814    66.739    66.739  2 53247.64129022 28.621
 30  95.737131  21.918021    66.438    66.661  3 53282.64128052 44.952
 31  95.744965  21.918232    63.246    63.246  2 53317.64128244 45.445
 32  95.749015  21.918292    60.854    61.045  4 53352.64124814 46.501
 33  95.740100  21.916605    61.030    61.014  3 53387.64124145 47.005
 34  95.749803  21.918897    61.325    61.302  4 53422.64124265 41.436
 35  95.744813  21.918563    62.170    62.052  3 53457.64124801 45.957
 36  95.733980  21.920848    61.279    61.702  5 53492.64133415 28.072
 37  95.747690  21.917676    67.890    67.722  3 53527.64131290 12.597
 38  95.736713  21.919866    67.637    67.559  5 53562.64134274 20.905
 39  95.748557  21.918039    68.084    68.084  2 53597.64128183 18.332
 40  95.734819  21.922215    63.350    63.399  5 53632.64127842 44.447
 41  95.737185  21.920863    65.466    65.327  4 53667.64130024 30.483
 42  95.748473  21.917820    60.661    61.173  3 53702.64124456 42.524
 44  95.748360  21.916954    60.476    60.395  3 53772.64116518 45.276
 47  95.745133  21.917172    61.104    61.074  3 53877.64122248 32.747
 48  95.735754  21.918520    64.639    64.756  4 53912.64127507 44.399
 49  95.733938  21.920577    66.991    66.741  5 53947.64129040 40.224
 50  95.743558  21.918079    66.149    66.149  2 53982.64123165 47.320
 51  95.742576  21.918473    66.096    66.125  3 54017.64125961 46.376
 52  95.751334  21.918011    61.378    62.028  3 54052.64125402 50.153
 53  95.745877  21.916981    61.037    61.009  3 54087.64124566 47.454
 54  95.747339  21.917960    59.228    58.741  3 54122.64116959 43.576
 55  95.742540  21.917859    60.419    60.522  3 54157.64120841 46.848
 56  95.746281  21.918314    60.442    60.507  3 54192.64116905 42.619
 58  95.743074  21.918425    60.516    60.086  3 54262.64123969 47.016
 59  95.744417  21.918054    66.915    67.059  3 54297.64124417 21.941
 60  95.746031  21.917572    67.944    67.921  3 54332.64123409 46.512
 62  95.744426  21.918495    66.131    66.172  3 54402.64117721 47.055
 63  95.744666  21.916966    62.133    62.059  3 54437.64113394 46.165
 64  95.744789  21.917321    60.994    61.142  3 54472.64116233 43.700
 65  95.745920  21.918912    60.951    61.030  3 54507.64114546 45.207
 66  95.744942  21.917842    60.987    60.987  2 54542.64117688 45.848
 67  95.746243  21.916848    61.287    61.250  3 54577.64114766 47.523
 68  95.744291  21.918627    62.317    62.160  3 54612.64116838 32.916
 69  95.743062  21.917682    66.218    66.087  3 54647.64117487 19.915
 71  95.746976  21.916895    68.830    68.974  3 54717.64112330 44.034
 72  95.742463  21.917699    65.086    65.043  3 54752.64114787 46.252
 73  95.745059  21.917984    62.810    62.753  3 54787.64111335 46.650
 74  95.742920  21.918494    61.160    61.401  3 54822.64114242 48.225
 75  95.745669  21.919056    60.410    60.536  3 54857.64110989 47.378
 76  95.742656  21.918290    60.095    60.127  3 54892.64114482 46.935
 77  95.744849  21.916834    60.515    60.455  3 54927.64110729 47.122
 78  95.741773  21.918653    61.000    60.935  3 54962.64114482 45.816
 79  95.741349  21.916720    63.525    63.958  3 54997.64116513 41.570
 80  95.742838  21.918463    67.014    66.804  3 55032.64115471 24.415
 81  95.745390  21.917862    67.497    67.497  2 55067.64114335 45.328
 82  95.744842  21.917493    66.851    66.890  3 55102.64108238 31.329
 83  95.743638  21.916776    61.765    61.610  3 55137.64108926 34.100
 84  95.745593  21.917785    59.821    60.517  3 55172.64105090 43.292
 85  95.742928  21.917130    60.051    60.071  3 55207.64108395 46.057
 86  95.745073  21.918339    58.904    59.140  3 55242.64105554 46.471
 87  95.743813  21.918068    59.487    59.681  3 55277.64107767 43.722
 88  95.745555  21.918331    63.946    63.822  3 55312.64104152 35.797
 90  95.744435  21.917091    67.434    67.382  3 55382.64103865 25.844
 91  95.743104  21.917852    67.413    67.413  2 55417.64106721 41.620
 92  95.745576  21.919002    66.684    66.702  3 55452.64104885 46.782
 93  95.747758  21.918122    68.318    68.318  2 55487.64097025 39.223
