-331817.815   -13.134     0.00    2.01
-331442.291   -13.763    -1.67    1.96
-331066.757   -13.878    -0.31    1.89
-330691.213   -13.834     0.12    1.36
-330315.658   -13.904    -0.19    1.22
-329940.093   -13.763     0.38    1.63
-329564.518   -13.340     1.13    1.94
-329188.933   -13.190     0.40    1.93
-328813.338   -13.213    -0.06    1.83
-328437.733   -13.046     0.44    1.38
-328062.117   -12.888     0.42    1.79
-327686.491   -12.613     0.73    2.07
-327310.855   -12.463     0.40    2.15
-326935.209   -12.338     0.33    2.04
-326559.553   -12.463    -0.33    1.62
-326183.886   -12.394     0.18    1.77
-325808.209   -12.344     0.13    1.86
-325432.522   -12.463    -0.32    1.32
-325056.825   -12.190     0.73    1.46
-324681.117   -12.363    -0.46    1.68
-324305.400   -11.638     1.93    2.55
-323929.672   -10.394     3.31    3.68
-323553.934   -10.334     0.16    3.56
-323178.185    -9.776     1.49    3.49
-322802.427    -9.713     0.17    3.04
-322426.658   -10.113    -1.06    2.18
-322050.879    -9.647     1.24    2.15
-321675.090    -9.501     0.39    2.31
-321299.290    -9.622    -0.32    2.13
-320923.481    -9.988    -0.97    2.10
-320547.661   -10.338    -0.93    1.85
-320171.830   -10.442    -0.28    1.67
-319795.990   -10.429     0.03    1.31
-319420.139   -10.000     1.14    1.43
-319044.278    -9.888     0.30    1.58
-318668.407    -9.588     0.80    1.80
-318292.526    -9.238     0.93    2.23
-317916.634    -9.163     0.20    2.20
-317540.732    -9.371    -0.55    2.13
-317164.820    -9.894    -1.39    1.73
-316788.897    -9.613     0.75    1.76
-316412.965    -9.413     0.53    1.69
-316037.021    -8.563     2.26    1.90
-315661.068    -7.738     2.19    2.23
-315285.105    -7.442     0.79    2.30
-314909.131    -7.398     0.12    1.96
-314533.147    -7.263     0.36    1.87
-314157.152    -7.238     0.06    1.97
-313781.147    -7.138     0.27    2.10
-313405.132    -6.563     1.53    2.16
-313029.107    -6.368     0.52    1.96
-312653.071    -6.477    -0.29    1.77
-312277.025    -6.647    -0.45    1.71
-311900.969    -6.929    -0.75    1.08
-311524.903    -6.913     0.04    1.37
-311148.826    -6.904     0.02    1.65
-310772.739    -6.620     0.75    2.14
-310396.641    -5.596     2.72    2.26
-310020.534    -5.163     1.15    2.44
-309644.415    -4.647     1.37    2.20
-309268.287    -5.340    -1.84    2.34
-308892.148    -5.629    -0.77    2.30
-308515.999    -5.815    -0.50    1.74
-308139.840    -5.519     0.79    1.76
-307763.670    -5.013     1.35    1.39
-307387.490    -4.360     1.73    1.95
-307011.300    -3.988     0.99    2.20
-306635.099    -3.526     1.23    2.56
-306258.888    -2.815     1.89    2.50
-305882.667    -2.738     0.21    2.21
-305506.435    -2.763    -0.07    1.88
-305130.193    -2.385     1.00    2.09
-304753.940    -1.688     1.85    2.64
-304377.678     0.162     4.92    4.35
-304001.404     2.968     7.46    6.02
-303625.121     3.640     1.78    6.43
-303248.827     3.981     0.91    5.95
-302872.523     3.487    -1.31    5.20
-302496.208     1.962    -4.05    2.27
-302119.883     2.158     0.52    1.65
-301743.548     3.094     2.49    1.90
-301367.202     4.037     2.50    2.73
-300990.846     4.712     1.79    2.66
-300614.480     6.884     5.77    3.57
-300238.103     8.378     3.97    3.88
-299861.715    10.475     5.57    4.85
-299485.318    13.327     7.57    5.16
-299108.910    14.012     1.82    5.13
-298732.491    14.987     2.59    5.07
-298356.063    15.866     2.33    4.47
-297979.623    16.786     2.45    3.97
-297603.174    18.764     5.25    4.32
-297226.714    21.054     6.08    4.07
-296850.243    23.968     7.74    3.97
-296473.762    25.687     4.57    3.76
-296097.271    27.287     4.25    4.05
-295720.770    28.369     2.87    4.66
-295344.257    26.507    -4.95    5.23
-294967.735    23.487    -8.02    5.80
-294591.202    21.224    -6.01    5.30
-294214.659    20.493    -1.94    4.48
-293838.105    20.737     0.65    4.17
-293461.541    20.437    -0.80    3.74
-293084.966    20.250    -0.50    3.15
-292708.381    20.962     1.89    3.57
-292331.785    25.591    12.29    8.14
-291955.179    31.583    15.91   11.29
-291578.563    40.469    23.59   11.59
-291201.936    47.686    19.16    9.49
-290825.299    52.762    13.47    8.21
-290448.651    54.249     3.95    8.99
-290071.993    56.712     6.54    9.14
-289695.324    56.118    -1.58    7.81
-289318.645    56.658     1.43    7.10
-288941.955    59.469     7.46    8.25
-288565.255    54.891   -12.15   13.86
-288188.545    48.932   -15.81   16.70
-287811.824    40.856   -21.43   13.99
-287435.092    35.343   -14.63    4.43
-287058.350    40.212    12.92    6.35
-286681.598    46.199    15.89    7.30
-286304.835    51.567    14.24    7.99
-285928.062    56.908    14.17    6.76
-285551.278    57.891     2.61    5.39
-285174.483    54.942    -7.82    8.07
-284797.679    49.062   -15.60    8.70
-284420.863    43.567   -14.58    8.79
-284045.802    36.662   -18.41    8.58
-283671.059    32.737   -10.47    7.37
-283296.307    30.789    -5.20    5.89
-282921.543    32.790     5.34    6.75
-282546.770    37.487    12.53    7.21
-282171.986    38.887     3.73    7.59
-281797.191    39.237     0.93    8.01
-281422.386    37.176    -5.50    8.12
-281047.571    37.948     2.06    6.45
-280672.745    37.201    -1.99    5.83
-280297.909    36.455    -1.99    5.51
-279923.063    36.567     0.30    5.00
-279548.206    37.212     1.72    4.94
-279173.339    38.612     3.73    4.14
-278798.461    36.975    -4.37    4.71
-278423.573    33.395    -9.55    5.66
-278048.675    29.176   -11.25    5.47
-277673.766    25.199   -10.61    3.22
-277298.846    23.810    -3.70    2.67
-276923.917    24.612     2.14    4.39
-276548.977    27.789     8.47    6.55
-276174.026    30.737     7.86    6.38
-275799.065    32.764     5.40    4.87
-275424.093    31.908    -2.28    5.77
-275049.112    29.262    -7.05    6.33
-274674.119    26.287    -7.93    6.76
-274299.116    24.045    -5.98    5.83
-273924.103    22.000    -5.45    5.35
-273549.079    20.612    -3.70    4.01
-273174.045    20.712     0.27    3.61
-272799.001    20.152    -1.49    4.12
-272423.946    20.225     0.20    4.19
-272048.880    19.866    -0.96    3.95
-271673.804    18.862    -2.67    3.56
-271298.718    17.948    -2.44    2.91
-270923.621    16.809    -3.04    2.87
-270548.513    16.237    -1.52    2.78
-270173.396    16.250     0.03    2.96
-269798.267    16.274     0.06    3.29
-269423.128    16.737     1.24    3.73
-269047.979    17.475     1.97    4.69
-268672.819    17.276    -0.53    4.82
-268297.649    17.712     1.16    4.86
-267922.468    18.562     2.27    4.24
-267547.277    18.430    -0.35    3.60
-267172.075    19.462     2.75    3.65
-266796.863    19.432    -0.08    3.58
-266421.640    19.062    -0.98    4.38
-266046.407    17.787    -3.40    4.27
-265671.164    16.437    -3.60    3.50
-265295.909    15.487    -2.53    2.08
-264920.645    15.412    -0.20    1.67
-264545.369    15.378    -0.09    1.27
-264170.084    15.474     0.26    1.29
-263794.787    15.162    -0.83    0.87
-263419.480    15.445     0.75    0.96
-263044.163    15.787     0.91    1.04
-262668.835    16.137     0.93    1.08
-262293.497    17.027     2.37    1.74
-261918.148    17.833     2.15    2.00
-261542.788    18.337     1.34    1.95
-261167.419    18.587     0.67    1.81
-260792.038    19.237     1.73    1.80
-260416.647    19.455     0.58    1.64
-260041.245    19.533     0.21    1.50
-259665.833    19.353    -0.48    1.43
-259290.410    19.137    -0.57    1.13
-258914.977    19.487     0.93    1.77
-258539.533    19.660     0.46    1.69
-258164.079    20.833     3.12    5.56
-257788.614    20.395    -1.16    2.07
-257413.139    20.737     0.91    2.34
-257037.652    21.487     2.00    4.16
-256662.156    21.347    -0.37    3.57
-256286.649    21.612     0.71    3.90
-255911.131    21.132    -1.28    2.24
-255535.603    21.045    -0.23    2.30
-255160.064    21.274     0.61    2.17
-254784.514    21.537     0.70    2.22
-254408.954    21.437    -0.27    1.88
-254033.383    21.887     1.20    1.99
-253657.802    22.162     0.73    1.89
-253282.210    22.305     0.38    1.88
-252906.608    22.862     1.48    1.81
-252530.995    23.087     0.60    2.06
-252155.371    22.987    -0.27    2.07
-251779.737    23.662     1.80    2.37
-251404.092    23.942     0.75    2.53
-251028.436    23.999     0.15    2.38
-250652.770    25.096     2.92    2.56
-250277.094    25.054    -0.11    2.55
-249901.406    25.162     0.29    2.31
-249525.708    24.763    -1.06    1.98
-249150.000    24.226    -1.43    1.96
-248774.280    24.369     0.38    1.91
-248398.551    24.212    -0.42    1.80
-248022.810    24.362     0.40    1.71
-247647.059    24.274    -0.24    1.73
-247271.297    24.420     0.39    1.74
-246895.525    24.237    -0.49    1.31
-246519.742    24.712     1.26    1.49
-246143.948    24.987     0.73    1.43
-245768.144    25.469     1.28    1.52
-245392.329    26.312     2.24    1.81
-245016.504    26.887     1.53    1.94
-244640.667    27.660     2.06    1.60
-244264.820    28.173     1.36    1.45
-243888.963    28.612     1.17    1.68
-243513.095    29.079     1.24    1.67
-243137.216    29.687     1.62    1.40
-242761.326    30.162     1.26    1.63
-242385.426    30.737     1.53    2.07
-242009.515    31.112     1.00    1.71
-241633.594    31.487     1.00    1.56
-241257.661    32.037     1.46    1.60
-240881.718    32.962     2.46    2.37
-240505.765    33.814     2.27    2.14
-240129.800    34.261     1.19    1.95
-239753.825    35.301     2.77    2.33
-239377.840    35.957     1.74    2.15
-239001.843    36.262     0.81    1.81
-238625.836    36.712     1.20    1.27
-238249.818    37.319     1.61    1.55
-237873.790    37.869     1.46    1.56
-237497.751    38.262     1.05    1.65
-237121.701    38.762     1.33    1.69
-236745.640    39.152     1.04    1.50
-236369.569    39.810     1.75    1.35
-235993.487    40.763     2.53    1.83
-235617.394    41.862     2.92    2.37
-235241.291    42.812     2.53    2.52
-234865.176    43.323     1.36    2.39
-234489.052    43.987     1.77    2.24
-234112.916    44.212     0.60    2.24
-233736.769    44.122    -0.24    1.87
-233360.612    44.737     1.64    2.04
-232984.444    44.937     0.53    2.62
-232608.266    45.762     2.19    4.11
-232232.076    47.512     4.65    6.22
-231855.876    47.712     0.53    5.75
-231479.666    48.116     1.07    5.30
-231103.444    46.812    -3.46    2.63
-230727.212    46.837     0.07    2.01
-230350.968    47.312     1.26    1.93
-229974.715    47.962     1.73    1.90
-229598.450    48.558     1.58    1.60
-229222.174    49.166     1.62    1.77
-228845.888    49.866     1.86    2.12
-228469.591    50.567     1.86    2.01
-228093.284    51.937     3.64    2.30
-227716.965    52.942     2.67    2.13
-227340.636    53.919     2.59    2.44
-226964.296    55.106     3.15    2.33
-226587.945    55.662     1.48    2.59
-226211.583    56.487     2.19    3.41
-225835.211    56.957     1.25    3.04
-225458.828    58.225     3.37    3.91
-225082.434    60.158     5.14    4.92
-224706.029    62.637     6.58    5.32
-224329.613    65.662     8.04    6.05
-223953.187    67.347     4.47    6.41
-223576.750    66.587    -2.02    6.01
-223200.302    66.869     0.75    5.80
-222823.843    67.558     1.83    6.52
-222447.373    68.908     3.59    7.10
-222070.893    71.937     8.05    7.47
-221694.401    74.981     8.08    6.62
-221317.899    75.387     1.08    6.47
-220941.386    74.583    -2.13    5.41
-220564.862    74.626     0.11    4.97
-220188.328    75.312     1.82    4.49
-219811.782    76.493     3.14    4.92
-219435.226    79.887     9.01    6.70
-219058.659    84.012    10.95    6.44
-218682.081    85.895     5.00    6.12
-218305.492    86.928     2.74    6.87
-217928.893    86.327    -1.59    7.60
-217552.282    85.112    -3.22    7.91
-217175.661    83.312    -4.78    6.65
-216799.029    80.609    -7.18    6.21
-216422.385    79.987    -1.65    5.00
-216045.732    80.096     0.29    4.03
-215669.067    81.637     4.09    4.64
-215292.391    83.687     5.44    4.25
-214915.705    84.276     1.56    4.44
-214539.007    84.975     1.86    4.38
-214162.299    85.869     2.37    3.91
-213785.580    87.687     4.83    4.36
-213408.850    88.687     2.65    4.35
-213032.109    88.859     0.46    4.19
-212655.357    89.012     0.41    3.81
-212278.594    89.290     0.74    2.72
-211901.821    88.537    -2.00    3.94
-211525.036    87.712    -2.19    4.46
-211148.241    87.786     0.20    4.41
-210771.435    87.412    -0.99    3.97
-210394.617    87.362    -0.13    3.00
-210017.789    88.224     2.29    3.10
-209640.950    88.762     1.43    2.89
-209264.188    89.912     3.05    3.19
-208889.502    89.323    -1.57    3.01
-208514.805    88.837    -1.30    3.07
-208140.097    88.962     0.33    2.90
-207765.378    87.790    -3.13    1.69
-207390.649    88.810     2.72    1.93
-207015.909    90.323     4.03    2.19
-206641.158    91.542     3.25    2.26
-206266.396    92.962     3.79    2.14
-205891.624    94.019     2.82    1.99
-205516.841    95.261     3.31    1.70
-205142.046    95.891     1.68    1.86
-204767.242    96.012     0.32    2.25
-204392.426    95.994    -0.05    2.88
-204017.599    95.862    -0.35    3.35
-203642.762    96.213     0.94    3.68
-203267.914    97.895     4.49    3.89
-202893.055    98.237     0.91    3.93
-202518.185    98.237     0.00    3.80
-202143.304    98.347     0.29    3.48
-201768.413    98.567     0.59    3.87
-201393.510    99.869     3.47    4.17
-201018.597   101.583     4.57    4.22
-200643.673   102.290     1.88    3.63
-200268.738   102.887     1.59    3.53
-199893.793   103.737     2.27    4.32
-199518.836   103.837     0.27    4.76
-199143.869   104.615     2.07    4.48
-198768.890   105.027     1.10    4.05
-198393.901   106.612     4.23    4.44
-198018.901   108.532     5.12    4.35
-197643.890   110.487     5.21    3.48
-197268.869   112.225     4.63    3.19
-196893.836   112.199    -0.07    3.34
-196518.793   112.999     2.13    3.69
-196143.738   113.685     1.83    4.07
-195768.673   115.435     4.67    3.93
-195393.597   117.537     5.60    3.40
-195018.510   118.609     2.86    3.06
-194643.412   119.054     1.19    2.92
-194268.304   119.250     0.52    3.01
-193893.184   119.618     0.98    2.69
-193518.054   120.527     2.42    2.86
-193142.912   120.542     0.04    2.76
-192767.760   121.137     1.59    3.10
-192392.597   121.662     1.40    3.16
-192017.423   122.212     1.47    3.02
-191642.238   123.185     2.59    2.83
-191267.042   124.249     2.84    3.22
-190891.835   126.469     5.91    4.59
-190516.617   128.487     5.38    4.66
-190141.388   129.962     3.93    4.04
-189766.149   130.968     2.68    4.44
-189390.898   131.712     1.98    4.52
-189015.637   131.185    -1.40    4.34
-188640.365   133.225     5.44    4.78
-188265.081   134.152     2.47    4.38
-187889.787   135.387     3.29    4.15
-187514.482   136.262     2.33    4.09
-187139.166   137.053     2.11    4.31
-186763.839   138.642     4.23    3.95
-186388.501   140.162     4.05    3.91
-186013.152   141.712     4.13    4.42
-185637.792   141.587    -0.33    4.28
-185262.421   141.866     0.74    4.29
-184887.039   142.510     1.72    4.93
-184511.647   142.481    -0.08    4.56
-184136.243   142.712     0.62    4.50
-183760.828   143.987     3.40    4.34
-183385.403   145.404     3.77    4.34
-183009.966   146.999     4.25    3.90
-182634.519   148.737     4.63    3.69
-182259.060   147.412    -3.53    4.51
-181883.591   147.562     0.40    4.84
-181508.110   149.152     4.23    4.68
-181132.619   149.737     1.56    4.08
-180757.116   152.343     6.94    4.20
-180381.603   153.840     3.99    4.35
-180006.078   155.640     4.79    4.73
-179630.543   157.162     4.05    3.72
-179254.996   157.713     1.47    3.12
-178879.439   157.787     0.20    3.43
-178503.870   157.994     0.55    3.65
-178128.291   157.265    -1.94    3.06
-177752.701   157.237    -0.07    3.50
-177377.099   156.212    -2.73    3.75
-177001.487   156.687     1.26    4.11
-176625.863   157.762     2.86    3.81
-176250.229   157.686    -0.20    3.53
-175874.583   158.975     3.43    4.07
-175498.927   160.199     3.26    3.94
-175123.259   160.006    -0.51    3.90
-174747.580   159.687    -0.85    3.40
-174371.891   159.637    -0.13    3.30
-173996.190   159.970     0.89    3.44
-173620.478   160.685     1.90    3.76
-173244.756   160.887     0.54    3.78
-172869.022   161.362     1.26    4.26
-172493.277   160.640    -1.92    3.54
-172117.521   160.213    -1.13    3.11
-171741.754   160.250     0.10    2.20
-171365.976   159.237    -2.69    2.61
-170990.187   158.274    -2.56    3.09
-170614.387   157.323    -2.53    2.78
-170238.576   156.225    -2.92    2.78
-169862.753   155.840    -1.02    2.45
-169486.920   154.637    -3.20    2.31
-169111.076   153.762    -2.33    2.52
-168735.220   152.687    -2.86    2.63
-168359.354   151.487    -3.19    2.42
-167983.476   150.912    -1.53    2.49
-167607.587   149.371    -4.10    2.69
-167231.688   147.816    -4.14    3.17
-166855.777   146.537    -3.40    2.68
-166479.855   145.687    -2.26    2.18
-166103.922   145.445    -0.65    1.75
-165727.978   145.591     0.39    1.64
-165352.022   145.789     0.53    1.89
-164976.056   146.054     0.71    2.02
-164600.079   146.045    -0.02    1.85
-164224.090   146.499     1.21    1.79
-163848.090   147.274     2.06    1.99
-163472.079   147.862     1.56    1.95
-163096.058   148.356     1.31    1.17
-162720.025   148.527     0.45    1.14
-162343.980   148.309    -0.58    1.71
-161967.925   147.891    -1.11    1.77
-161591.859   147.298    -1.58    2.07
-161215.781   146.591    -1.88    1.88
-160839.693   146.071    -1.38    1.91
-160463.593   145.298    -2.05    1.78
-160087.482   145.199    -0.26    1.96
-159711.360   144.713    -1.29    1.97
-159335.227   144.689    -0.06    2.04
-158959.082   144.862     0.46    2.31
-158582.927   144.312    -1.46    2.22
-158206.760   144.276    -0.10    1.98
-157830.582   144.087    -0.50    2.17
-157454.393   143.712    -1.00    2.06
-157078.193   143.962     0.66    1.91
-156701.982   143.884    -0.21    1.92
-156325.759   142.917    -2.57    1.94
-155949.526   142.087    -2.20    2.68
-155573.281   141.137    -2.52    2.96
-155197.025   140.312    -2.19    2.44
-154820.758   140.030    -0.75    2.39
-154444.479   139.396    -1.69    2.50
-154068.190   139.030    -0.97    2.33
-153691.889   137.942    -2.89    2.10
-153315.577   137.356    -1.56    2.35
-152939.254   135.786    -4.17    2.67
-152562.920   134.162    -4.31    3.10
-152186.574   133.542    -1.65    3.11
-151810.218   132.185    -3.61    3.06
-151433.850   131.947    -0.63    4.00
-151057.471   131.612    -0.89    4.25
-150681.080   131.071    -1.44    3.77
-150304.679   131.591     1.38    3.74
-149928.266   132.840     3.32    4.51
-149551.842   134.999     5.74    5.25
-149175.407   138.537     9.40    6.66
-148798.961   140.396     4.94    6.51
-148422.503   142.912     6.68    6.52
-148046.034   143.737     2.19    5.49
-147669.554   144.591     2.27    5.48
-147293.063   148.019     9.11    6.66
-146916.560   150.981     7.87    7.66
-146540.047   154.347     8.94    8.07
-146163.522   159.237    12.99    8.56
-145786.985   161.237     5.31    8.50
-145410.438   162.685     3.84    8.86
-145033.879   162.957     0.72    9.07
-144657.309   161.884    -2.85    8.57
-144280.728   161.276    -1.61    8.52
-143904.135   157.786    -9.27    8.93
-143527.532   154.532    -8.64    7.73
-143150.916   152.787    -4.63    6.63
-142774.290   150.071    -7.21    6.03
-142397.653   147.323    -7.30    7.07
-142021.004   142.493   -12.82    6.49
-141644.344   139.166    -8.83    4.75
-141267.672   136.445    -7.22    3.71
-140890.989   135.660    -2.08    3.19
-140514.295   134.904    -2.01    3.13
-140137.590   133.567    -3.55    3.97
-139760.874   133.112    -1.21    4.09
-139384.146   130.810    -6.11    3.68
-139007.407   128.790    -5.36    3.80
-138630.656   126.179    -6.93    4.72
-138253.894   123.487    -7.14    4.16
-137877.121   121.301    -5.80    3.45
-137500.337   119.786    -4.02    3.23
-137123.541   119.558    -0.61    3.63
-136746.734   118.452    -2.94    3.44
-136369.916   117.187    -3.35    3.46
-135993.086   116.176    -2.68    2.72
-135616.246   115.662    -1.36    1.98
-135239.393   115.173    -1.30    2.11
-134862.530   114.371    -2.13    2.07
-134485.655   113.558    -2.16    2.06
-134109.291   113.201    -0.95    2.18
-133734.650   112.932    -0.72    1.72
-133359.998   112.412    -1.39    1.44
-132985.334   111.887    -1.40    1.12
-132610.659   111.686    -0.54    1.30
-132235.973   111.662    -0.06    1.14
-131861.276   111.128    -1.43    1.30
-131486.567   110.612    -1.37    1.52
-131111.848   110.103    -1.36    1.58
-130737.117   109.612    -1.31    1.36
-130362.375   109.187    -1.13    0.99
-129987.622   109.632     1.19    1.41
-129612.857   110.201     1.52    1.55
-129238.081   110.615     1.11    1.66
-128863.294   111.030     1.11    1.62
-128488.496   111.287     0.69    1.58
-128113.687   111.327     0.11    1.62
-127738.866   111.435     0.29    1.88
-127364.034   111.378    -0.15    2.27
-126989.191   111.249    -0.34    2.48
-126614.336   110.962    -0.77    2.31
-126239.471   110.987     0.07    1.81
-125864.594   111.156     0.45    1.82
-125489.706   111.816     1.76    1.58
-125114.806   112.037     0.59    1.51
-124739.895   112.054     0.05    1.46
-124364.974   112.615     1.50    1.95
-123990.040   113.152     1.43    2.02
-123615.096   113.968     2.18    1.60
-123240.140   114.122     0.41    1.41
-122865.173   114.290     0.45    1.95
-122490.195   115.128     2.23    2.02
-122115.205   116.071     2.51    2.13
-121740.204   116.662     1.58    1.86
-121365.192   116.912     0.67    1.66
-120990.169   116.994     0.22    1.80
-120615.134   116.687    -0.82    1.66
-120240.088   116.137    -1.47    1.95
-119865.031   115.835    -0.81    2.70
-119489.962   115.859     0.07    2.43
-119114.882   115.932     0.20    2.23
-118739.791   116.469     1.43    1.61
-118364.689   116.866     1.06    1.92
-117989.575   117.142     0.74    2.41
-117614.450   117.420     0.74    2.25
-117239.313   117.412    -0.02    2.42
-116864.165   116.640    -2.06    2.40
-116489.006   116.019    -1.65    1.97
-116113.836   115.975    -0.12    2.06
-115738.654   116.686     1.89    2.24
-115363.461   117.312     1.67    2.17
-114988.257   118.298     2.63    2.05
-114613.041   118.917     1.65    1.73
-114237.814   119.142     0.60    1.70
-113862.575   119.764     1.66    2.31
-113487.326   119.884     0.32    2.45
-113112.065   119.962     0.21    2.68
-112736.792   119.298    -1.77    2.25
-112361.508   118.787    -1.36    2.22
-111986.213   118.606    -0.48    2.04
-111610.907   119.012     1.08    2.32
-111235.589   119.396     1.02    2.35
-110860.260   119.212    -0.49    2.44
-110484.919   119.054    -0.42    2.41
-110109.567   119.062     0.02    2.35
-109734.204   118.787    -0.73    2.00
-109358.829   118.027    -2.03    1.89
-108983.443   117.542    -1.29    1.89
-108608.045   116.987    -1.48    2.34
-108232.637   116.212    -2.06    2.75
-107857.216   114.937    -3.40    2.76
-107481.785   113.737    -3.20    2.37
-107106.342   113.618    -0.32    2.62
-106730.887   113.353    -0.71    3.18
-106355.421   113.128    -0.60    3.20
-105979.944   112.762    -0.97    2.89
-105604.456   112.012    -2.00    2.86
-105228.956   111.295    -1.91    2.10
-104853.444   110.869    -1.14    1.88
-104477.921   110.298    -1.52    2.06
-104102.387   110.006    -0.78    1.99
-103726.841   109.176    -2.21    2.21
-103351.284   107.785    -3.70    2.56
-102975.716   107.378    -1.08    2.69
-102600.136   106.859    -1.38    2.97
-102224.544   106.396    -1.23    3.46
-101848.942   106.371    -0.06    3.64
-101473.327   107.087     1.91    3.61
-101097.702   107.687     1.60    2.85
-100722.065   107.737     0.13    1.93
-100346.416   107.312    -1.13    2.07
 -99970.756   106.225    -2.89    2.21
 -99595.085   104.912    -3.49    2.72
 -99219.402   104.387    -1.40    2.43
 -98843.707   104.567     0.48    2.48
 -98468.002   105.660     2.91    2.86
 -98092.284   106.612     2.53    2.58
 -97716.556   106.507    -0.28    2.66
 -97340.815   106.428    -0.21    2.36
 -96965.064   105.859    -1.51    1.98
 -96589.301   105.309    -1.46    2.00
 -96213.526   104.687    -1.65    1.96
 -95837.740   103.974    -1.90    2.19
 -95461.942   103.505    -1.25    1.96
 -95086.133   102.835    -1.78    2.25
 -94710.313   102.137    -1.86    1.98
 -94334.481   101.908    -0.61    2.06
 -93958.637   101.430    -1.27    2.47
 -93582.782   102.071     1.71    2.87
 -93206.916   102.558     1.30    2.55
 -92831.038   102.512    -0.12    2.28
 -92455.148   102.054    -1.22    2.39
 -92079.247   101.558    -1.32    2.30
 -91703.335   101.285    -0.73    2.04
 -91327.411   101.816     1.41    1.92
 -90951.475   101.908     0.24    1.94
 -90575.528   101.962     0.14    2.24
 -90199.569   101.562    -1.06    2.22
 -89823.599   101.037    -1.40    2.16
 -89447.618   100.096    -2.50    1.93
 -89071.625    98.737    -3.61    2.08
 -88695.620    97.612    -2.99    2.08
 -88319.604    96.689    -2.46    2.51
 -87943.576    95.487    -3.19    2.08
 -87567.537    95.079    -1.09    2.23
 -87191.486    94.096    -2.61    2.05
 -86815.423    94.045    -0.14    1.67
 -86439.349    93.912    -0.35    1.71
 -86063.264    93.323    -1.57    1.90
 -85687.167    93.037    -0.76    2.04
 -85311.058    92.787    -0.66    2.73
 -84934.938    91.895    -2.37    2.81
 -84558.806    91.071    -2.19    2.54
 -84182.663    89.987    -2.88    2.25
 -83806.508    89.274    -1.90    2.23
 -83430.342    88.262    -2.69    2.05
 -83054.164    87.481    -2.08    1.57
 -82677.974    86.690    -2.10    1.64
 -82301.773    86.122    -1.51    1.33
 -81925.560    85.664    -1.22    1.44
 -81549.336    85.512    -0.40    1.66
 -81173.100    85.353    -0.42    1.65
 -80796.853    84.896    -1.21    1.83
 -80420.594    84.343    -1.47    1.81
 -80044.323    83.137    -3.20    2.43
 -79668.041    81.637    -3.99    2.11
 -79291.747    80.908    -1.94    1.58
 -78915.441    80.285    -1.66    1.66
 -78539.124    80.027    -0.69    1.87
 -78162.795    79.737    -0.77    1.99
 -77786.455    79.762     0.07    2.38
 -77410.103    79.249    -1.36    2.45
 -77033.739    78.249    -2.66    2.66
 -76657.364    77.712    -1.43    2.47
 -76280.977    77.430    -0.75    2.55
 -75904.579    77.837     1.08    2.41
 -75528.169    77.833    -0.01    2.24
 -75151.747    78.062     0.61    2.21
 -74775.314    78.404     0.91    2.03
 -74398.869    79.327     2.45    1.94
 -74022.412    80.027     1.86    1.89
 -73645.944    80.737     1.89    1.87
 -73269.464    80.862     0.33    1.73
 -72892.972    80.810    -0.14    1.90
 -72516.469    80.615    -0.52    2.06
 -72139.954    80.027    -1.56    1.96
 -71763.428    80.103     0.20    1.80
 -71386.889    79.763    -0.90    1.78
 -71010.339    79.637    -0.33    1.84
 -70633.778    80.023     1.02    1.93
 -70257.205    79.814    -0.55    2.13
 -69880.620    80.166     0.93    2.24
 -69504.023    80.455     0.77    2.10
 -69127.415    80.047    -1.08    2.08
 -68750.795    79.737    -0.82    1.73
 -68374.163    79.812     0.20    1.75
 -67997.520    80.551     1.96    2.10
 -67620.865    81.290     1.96    1.78
 -67244.198    81.957     1.77    1.74
 -66867.520    82.987     2.74    2.00
 -66490.830    83.420     1.15    1.97
 -66114.128    84.016     1.58    1.97
 -65737.414    84.891     2.32    2.11
 -65360.689    85.225     0.89    2.00
 -64983.952    85.999     2.05    2.05
 -64607.203    86.469     1.25    1.99
 -64230.443    87.213     1.98    2.06
 -63853.671    88.404     3.16    2.25
 -63476.887    89.396     2.63    1.93
 -63100.092    90.312     2.43    1.92
 -62723.284    91.518     3.20    1.81
 -62346.465    92.737     3.24    2.40
 -61969.634    94.012     3.38    2.65
 -61592.792    95.062     2.79    2.42
 -61215.938    96.012     2.52    2.73
 -60839.072    97.012     2.65    2.87
 -60462.194    98.762     4.64    3.86
 -60085.304   100.812     5.44    3.93
 -59708.403   102.396     4.20    3.70
 -59331.490   103.840     3.83    3.66
 -58955.544   104.862     2.72    3.38
 -58580.948   106.687     4.87    3.86
 -58206.341   108.079     3.71    3.30
 -57831.722   107.835    -0.65    3.23
 -57457.092   107.908     0.20    3.11
 -57082.449   108.274     0.98    2.80
 -56707.796   108.343     0.18    2.73
 -56333.130   109.919     4.21    3.43
 -55958.453   112.587     7.12    3.71
 -55583.765   114.462     5.00    3.60
 -55209.065   116.835     6.33    3.58
 -54834.353   119.148     6.17    4.36
 -54459.629   121.261     5.64    5.04
 -54084.894   124.122     7.63    4.83
 -53710.147   124.837     1.91    5.08
 -53335.389   123.567    -3.39    6.00
 -52960.619   120.712    -7.62    6.36
 -52585.837   117.594    -8.32    5.82
 -52211.043   115.211    -6.36    3.75
 -51836.238   113.062    -5.73    3.70
 -51461.422   111.687    -3.67    3.27
 -51086.593   110.932    -2.01    2.56
 -50711.753   110.687    -0.65    2.17
 -50336.901   111.591     2.41    2.70
 -49962.038   114.462     7.66    4.24
 -49587.163   118.173     9.90    5.10
 -49212.276   120.712     6.77    4.45
 -48837.378   123.337     7.00    4.02
 -48462.467   124.615     3.41    5.75
 -48087.546   124.176    -1.17    6.30
 -47712.612   123.199    -2.61    7.85
 -47337.667   122.128    -2.86    6.73
 -46962.710   121.071    -2.82    5.54
 -46587.741   123.079     5.36    5.66
 -46212.761   123.323     0.65    5.96
 -45837.769   122.562    -2.03    6.95
 -45462.765   121.571    -2.64    7.17
 -45087.750   120.264    -3.49    6.15
 -44712.723   123.179     7.77    7.85
 -44337.684   128.162    13.29    6.22
 -43962.633   132.761    12.26    7.73
 -43587.571   135.023     6.03    7.79
 -43212.497   134.866    -0.42    8.01
 -42837.411   133.904    -2.56    8.02
 -42462.313   134.353     1.20    6.96
 -42087.204   137.152     7.46    8.71
 -41712.083   142.387    13.96    8.22
 -41336.950   146.387    10.66    8.29
 -40961.806   148.420     5.42    8.24
 -40586.650   151.404     7.95    7.69
 -40211.482   149.103    -6.13    8.16
 -39836.302   146.637    -6.57    9.00
 -39461.111   145.952    -1.83   10.04
 -39085.907   145.062    -2.37   11.27
 -38710.692   150.213    13.73   13.97
 -38335.466   154.298    10.89   12.21
 -37960.227   156.662     6.30   13.56
 -37584.977   160.762    10.93   13.61
 -37209.715   164.884    10.98   15.21
 -36834.441   171.437    17.46   13.72
 -36459.155   177.079    15.03   12.47
 -36083.858   180.106     8.07   13.71
 -35708.548   179.261    -2.25   14.08
 -35333.227   177.045    -5.90   13.99
 -34957.895   175.518    -4.07   13.21
 -34582.550   173.952    -4.17   13.47
 -34207.194   171.912    -5.43   13.41
 -33831.826   167.475   -11.82   12.15
 -33456.446   161.481   -15.97   14.25
 -33081.054   156.908   -12.18   12.78
 -32705.650   155.420    -3.96   11.03
 -32330.235   155.412    -0.02   10.51
 -31954.808   157.505     5.57    8.71
 -31579.369   157.500    -0.01    8.50
 -31203.918   156.571    -2.48   10.14
 -30828.455   159.122     6.79   21.94
 -30452.981   155.689    -9.14   22.95
 -30077.494   152.103    -9.55   24.04
 -29701.996   145.532   -17.50   25.32
 -29326.486   133.493   -32.06   11.16
 -28950.964   128.481   -13.35    7.95
 -28575.431   124.152   -11.53    7.90
 -28199.885   121.737    -6.43   10.04
 -27824.328   118.737    -7.99   10.16
 -27448.759   115.287    -9.19    9.48
 -27073.178   111.686    -9.59    9.51
 -26697.585   109.587    -5.59    8.54
 -26321.980   109.690     0.27    7.72
 -25946.363   109.812     0.33    7.54
 -25570.735   109.323    -1.30    7.31
 -25195.094   107.137    -5.82    6.82
 -24819.442   103.487    -9.72    6.53
 -24443.778   101.000    -6.62    7.28
 -24068.102    99.493    -4.01    6.71
 -23692.414    96.225    -8.70    6.79
 -23316.715    93.396    -7.53    6.41
 -22941.003    90.112    -8.74    4.29
 -22565.279    88.369    -4.64    2.91
 -22189.544    90.499     5.67    4.73
 -21813.797    92.353     4.93    5.29
 -21438.038    93.640     3.43    4.94
 -21062.266    93.487    -0.41    4.80
 -20686.483    91.199    -6.09    5.04
 -20310.689    90.419    -2.07    6.23
 -19934.882    89.994    -1.13    7.39
 -19559.063    90.493     1.33    8.14
 -19183.232    92.012     4.04    8.41
 -18807.390    91.786    -0.60    7.67
 -18431.535    91.737    -0.13    6.18
 -18055.669    93.658     5.11    5.85
 -17679.791    96.637     7.93    6.08
 -17303.901   101.642    13.31    6.29
 -16927.998   105.762    10.96    6.09
 -16552.084   106.785     2.72    6.44
 -16176.158   107.507     1.92    7.12
 -15800.220   104.562    -7.83    8.59
 -15424.270    99.891   -12.42    7.80
 -15048.308    97.737    -5.73    7.52
 -14672.335    96.587    -3.06    8.50
 -14296.349    99.469     7.66    9.04
 -13920.351   102.615     8.37    7.82
 -13544.341   104.287     4.45    6.04
 -13168.320   104.387     0.27    5.16
 -12792.286   102.662    -4.59    5.38
 -12416.241   100.962    -4.52    5.74
 -12040.183    96.810   -11.04    6.48
 -11664.114    92.762   -10.76    6.23
 -11288.032    88.445   -11.48    6.41
 -10911.939    84.199   -11.29    4.82
 -10535.833    81.547    -7.05    4.71
 -10159.716    78.884    -7.08    4.28
  -9783.586    76.690    -5.83    4.82
  -9407.445    73.762    -7.78    5.70
  -9031.292    72.343    -3.77    6.21
  -8655.126    70.487    -4.93    5.88
  -8278.949    67.512    -7.91    5.07
  -7902.759    64.512    -7.97    5.24
  -7526.558    62.152    -6.27    6.07
  -7150.344    58.609    -9.42    6.86
  -6774.119    56.133    -6.58    6.88
  -6397.882    54.609    -4.05    5.99
  -6021.632    52.912    -4.51    6.20
  -5645.371    52.859    -0.14    6.50
  -5269.097    52.891     0.08    6.56
  -4892.812    52.071    -2.18    6.92
  -4516.514    51.422    -1.73    6.75
  -4140.205    47.537   -10.32    7.57
  -3763.883    42.887   -12.36    8.28
  -3387.549    39.687    -8.50    8.50
  -3011.204    35.054   -12.31    8.06
  -2634.846    32.290    -7.35    7.67
  -2258.476    26.079   -16.50   10.17
  -1882.094    17.662   -22.36    9.65
  -1505.700    11.640   -16.00    8.71
  -1129.294     5.237   -17.01    4.81
   -752.876     2.493    -7.29    3.83
   -376.446     0.420    -5.51    2.30
     -0.004     0.761     0.91    2.72
    376.450     2.012     3.32    3.60
    752.916     3.618     4.27    3.72
   1129.395     5.037     3.77    3.60
   1505.885     5.323     0.76    2.92
   1882.388     4.212    -2.95    1.62
   2258.902     4.201    -0.03    2.45
   2635.429     5.371     3.11    4.12
   3011.968     6.487     2.96    4.89
   3388.519     8.225     4.62    4.97
   3765.081     9.974     4.64    4.36
   4141.657     9.761    -0.57    3.95
   4518.244    10.096     0.89    3.34
   4894.843    10.835     1.96    3.54
   5271.454    12.862     5.38    4.09
   5648.078    15.583     7.23    4.64
   6024.713    18.190     6.92    5.07
   6401.361    21.327     8.33    5.37
   6778.021    24.859     9.38    6.54
   7154.693    28.737    10.30    8.12
   7531.377    31.337     6.90    8.48
   7908.073    32.192     2.27    7.86
   8284.781    33.474     3.40    8.22
   8661.502    35.932     6.53    9.45
   9038.234    40.884    13.14   11.28
   9414.979    45.786    13.01   12.62
   9791.736    49.342     9.44   13.98
  10168.505    54.264    13.06   13.13
  10545.286    57.664     9.03   12.82
  10922.079    60.928     8.66   11.58
  11298.885    64.445     9.33    9.81
  11675.702    63.618    -2.19   10.68
  12052.532    62.122    -3.97   10.06
  12429.374    65.567     9.14   11.02
  12806.228    66.587     2.71   11.55
  13183.095    71.201    12.24   10.78
  13559.973    72.937     4.61   11.36
  13936.864    68.128   -12.76   12.77
  14313.766    66.487    -4.35   11.19
  14690.681    67.237     1.99   10.09
  15067.609    68.249     2.69   10.24
  15444.548    72.312    10.78    9.58
  15821.500    72.537     0.60    9.94
  16197.013    73.396     2.29   10.50
  16571.565    71.660    -4.63   13.45
  16946.130    65.287   -17.01   15.38
  17320.707    62.327    -7.90   15.27
  17695.296    60.594    -4.63   13.13
  18069.897    57.713    -7.69   13.42
  18444.510    55.713    -5.34   14.84
  18819.134    48.812   -18.42   14.18
  19193.772    43.737   -13.55   12.57
  19568.421    39.305   -11.83   11.10
  19943.082    36.537    -7.39    8.50
  20317.755    33.237    -8.81    5.84
  20692.440    30.079    -8.43    5.57
  21067.138    26.378    -9.88    5.71
  21441.847    22.374   -10.69    5.37
  21816.568    19.224    -8.40    3.36
  22191.302    18.287    -2.50    2.76
  22566.048    17.615    -1.79    3.03
  22940.805    17.030    -1.56    3.40
  23315.575    16.947    -0.22    3.80
  23690.357    16.290    -1.75    3.63
  24065.151    16.862     1.53    3.44
  24439.957    16.737    -0.33    3.25
  24814.775    16.981     0.65    3.09
  25189.605    17.962     2.62    3.83
  25564.448    20.312     6.27    5.09
  25939.302    22.962     7.07    5.27
  26314.169    25.437     6.60    3.55
  26689.047    26.347     2.43    2.71
  27063.938    26.176    -0.46    2.72
  27438.841    25.487    -1.84    2.56
  27813.756    24.957    -1.41    2.31
  28188.683    24.518    -1.17    2.12
  28563.623    23.859    -1.76    1.94
  28938.574    23.455    -1.08    1.82
  29313.537    23.396    -0.16    1.65
  29688.513    22.835    -1.50    1.58
  30063.501    22.591    -0.65    1.57
  30438.501    22.437    -0.41    1.56
  30813.513    22.053    -1.02    1.60
  31188.537    21.900    -0.41    1.46
  31563.574    21.891    -0.02    1.44
  31938.622    21.884    -0.02    1.48
  32313.683    22.347     1.24    1.76
  32688.756    22.404     0.15    1.83
  33063.841    22.215    -0.50    1.84
  33438.938    22.071    -0.38    1.66
  33814.047    21.737    -0.89    1.63
  34189.169    21.037    -1.87    1.65
  34564.302    21.128     0.24    1.72
  34939.448    20.993    -0.36    1.54
  35314.606    20.840    -0.41    1.71
  35689.777    20.493    -0.92    1.74
  36064.959    20.380    -0.30    1.68
  36440.154    20.371    -0.02    1.76
  36815.360    20.323    -0.13    1.48
  37190.579    20.637     0.84    1.61
  37565.811    20.437    -0.53    1.64
  37941.054    20.187    -0.67    1.50
  38316.310    19.932    -0.68    1.58
  38691.577    19.762    -0.45    1.59
  39066.857    19.662    -0.26    1.46
  39442.150    19.618    -0.12    1.47
  39817.454    19.887     0.72    1.37
  40192.771    20.173     0.76    1.47
  40568.100    20.353     0.48    2.03
  40943.441    20.347    -0.01    1.97
  41318.794    20.810     1.23    2.00
  41694.160    21.030     0.58    1.86
  42069.537    20.937    -0.25    1.79
  42444.927    21.106     0.45    1.67
  42820.330    20.668    -1.17    1.62
  43195.744    20.637    -0.08    1.63
  43571.171    20.542    -0.25    1.65
  43946.610    20.337    -0.55    1.37
  44322.061    20.224    -0.30    1.27
  44697.525    20.215    -0.03    1.53
  45073.001    20.301     0.23    1.48
  45448.489    21.079     2.07    1.74
  45823.989    21.562     1.29    1.38
  46199.501    21.537    -0.07    1.44
  46575.026    21.624     0.23    1.32
  46950.563    21.685     0.16    1.25
  47326.113    21.737     0.14    1.09
  47701.674    21.785     0.13    1.06
  48077.248    21.737    -0.13    1.10
  48452.835    21.690    -0.13    1.01
  48828.433    21.814     0.33    0.98
  49204.044    22.030     0.57    1.12
  49579.667    22.162     0.35    1.30
  49955.302    22.006    -0.42    1.27
  50330.950    22.249     0.65    1.55
  50706.610    22.591     0.91    1.70
  51082.282    23.312     1.92    1.11
  51457.967    23.362     0.13    1.13
  51833.664    24.030     1.78    1.98
  52209.373    24.810     2.08    2.22
  52585.095    25.006     0.52    2.19
  52960.829    25.615     1.62    2.30
  53336.575    25.737     0.32    2.57
  53712.333    25.812     0.20    2.52
  54088.104    25.994     0.48    2.52
  54463.887    25.640    -0.94    2.01
  54839.683    25.810     0.45    1.84
  55215.491    25.957     0.39    1.77
  55591.311    26.137     0.48    1.95
  55967.143    25.579    -1.48    2.31
  56342.988    24.947    -1.68    2.27
  56718.846    24.337    -1.62    2.05
  57094.715    23.737    -1.60    1.57
  57470.597    23.937     0.53    1.52
  57846.491    24.122     0.49    1.60
  58222.398    24.601     1.27    1.68
  58598.317    25.224     1.66    1.54
  58974.249    25.469     0.65    1.48
  59350.192    26.187     1.91    1.69
  59726.149    26.262     0.20    1.65
  60102.117    26.624     0.96    1.45
  60478.098    26.895     0.72    1.35
  60854.091    26.862    -0.09    1.09
  61230.097    27.237     1.00    1.40
  61606.115    27.176    -0.16    1.57
  61982.146    26.928    -0.66    1.64
  62358.189    27.250     0.86    1.93
  62734.244    27.225    -0.07    1.85
  63110.312    27.190    -0.09    1.88
  63486.392    26.737    -1.20    2.05
  63862.484    25.957    -2.08    1.47
  64238.589    26.212     0.68    1.62
  64614.706    27.087     2.33    2.30
  64990.836    27.687     1.60    2.29
  65366.978    27.835     0.39    2.00
  65743.133    28.054     0.58    1.88
  66119.300    27.859    -0.52    1.65
  66495.479    28.006     0.39    1.60
  66871.671    28.287     0.75    1.43
  67247.876    28.512     0.60    1.48
  67624.092    28.987     1.26    1.79
  68000.322    29.445     1.22    2.09
  68376.563    30.201     2.01    2.26
  68752.817    30.928     1.93    1.92
  69129.084    31.087     0.42    1.72
  69505.363    31.045    -0.11    1.58
  69881.654    31.190     0.38    1.76
  70257.958    31.347     0.42    2.11
  70634.275    32.152     2.14    2.40
  71010.604    33.087     2.49    2.96
  71386.945    34.211     2.99    2.75
  71763.299    34.487     0.73    2.47
  72139.665    34.737     0.66    2.39
  72516.044    34.487    -0.66    2.47
  72892.435    34.469    -0.05    2.43
  73268.839    34.122    -0.92    2.20
  73645.255    34.033    -0.24    1.75
  74021.684    33.968    -0.17    1.60
  74398.125    34.396     1.14    1.54
  74774.579    34.412     0.04    1.61
  75151.045    34.404    -0.02    1.54
  75527.523    34.760     0.95    1.56
  75904.015    35.053     0.78    1.68
  76280.518    35.437     1.02    1.77
  76657.035    35.835     1.06    1.61
  77033.563    36.689     2.27    1.75
  77410.105    37.213     1.39    1.50
  77786.658    37.316     0.27    1.29
  78163.225    37.012    -0.81    1.26
  78539.804    36.912    -0.27    1.93
  78916.395    36.298    -1.63    1.86
  79292.999    35.981    -0.84    1.34
  79669.615    35.942    -0.10    1.64
  80046.244    36.462     1.38    1.87
  80422.886    36.810     0.92    1.75
  80799.540    37.094     0.75    1.90
  81176.207    37.562     1.24    1.95
  81552.886    38.071     1.35    2.27
  81929.578    38.713     1.71    2.48
  82306.282    38.837     0.33    2.38
  82682.999    38.787    -0.13    2.32
  83059.728    39.128     0.90    2.20
  83436.470    39.298     0.45    1.86
  83813.225    39.762     1.23    1.77
  84189.992    40.558     2.11    1.99
  84566.772    41.012     1.21    2.00
  84943.564    41.387     1.00    1.98
  85320.369    41.542     0.41    2.00
  85697.186    42.030     1.29    1.87
  86074.016    42.356     0.87    1.40
  86450.859    43.047     1.83    1.22
  86827.714    43.071     0.06    1.18
  87204.582    42.965    -0.28    1.24
  87581.463    43.347     1.01    1.41
  87958.356    43.420     0.19    1.31
  88335.261    44.166     1.98    1.95
  88712.180    45.027     2.28    2.17
  89089.111    45.374     0.92    2.29
  89466.054    45.462     0.24    2.35
  89843.010    45.006    -1.21    2.28
  90219.979    44.713    -0.78    1.68
  90596.960    44.790     0.20    1.74
  90973.954    44.877     0.23    1.57
  91349.011    45.112     0.63    1.56
  91723.514    45.142     0.08    1.25
  92098.030    45.030    -0.30    1.33
  92472.559    45.071     0.11    1.42
  92847.100    45.380     0.83    1.39
  93221.653    45.343    -0.10    1.35
  93596.219    45.787     1.19    1.20
  93970.797    45.981     0.52    1.24
  94345.388    46.079     0.26    1.32
  94719.991    46.567     1.30    1.77
  95094.607    46.987     1.12    1.94
  95469.235    47.301     0.84    1.71
  95843.875    47.787     1.30    1.89
  96218.529    47.571    -0.58    1.70
  96593.194    47.493    -0.21    1.46
  96967.873    47.475    -0.05    1.55
  97342.563    47.594     0.32    1.60
  97717.266    48.019     1.13    1.76
  98091.982    48.312     0.78    2.22
  98466.710    49.862     4.14    3.13
  98841.451    51.475     4.30    3.32
  99216.204    52.420     2.52    3.31
  99590.970    52.118    -0.81    3.38
  99965.748    51.437    -1.82    3.46
 100340.539    49.869    -4.19    2.28
 100715.343    49.342    -1.41    1.51
 101090.159    49.112    -0.61    1.82
 101464.987    48.689    -1.13    1.73
 101839.828    48.542    -0.39    1.65
 102214.682    48.814     0.73    1.68
 102589.548    49.146     0.89    1.57
 102964.426    48.789    -0.95    1.57
 103339.317    48.469    -0.85    1.43
 103714.221    48.937     1.25    2.14
 104089.138    49.137     0.53    2.25
 104464.066    50.169     2.75    2.33
 104839.008    49.790    -1.01    2.28
 105213.962    50.142     0.94    2.19
 105588.928    50.261     0.32    2.28
 105963.908    50.249    -0.03    2.15
 106338.899    49.884    -0.98    2.24
 106713.904    49.762    -0.32    2.15
 107088.920    50.212     1.20    2.29
 107463.950    50.455     0.65    2.24
 107838.992    51.054     1.60    2.21
 108214.047    51.640     1.56    2.51
 108589.114    51.469    -0.46    2.60
 108964.194    52.201     1.95    2.53
 109339.286    52.737     1.43    2.65
 109714.391    53.937     3.20    2.88
 110089.509    54.786     2.26    2.40
 110464.639    54.835     0.13    2.43
 110839.782    55.201     0.98    2.67
 111214.938    55.487     0.76    2.66
 111590.106    56.054     1.51    2.35
 111965.287    56.112     0.15    2.45
 112340.480    55.999    -0.30    2.14
 112715.686    54.637    -3.63    2.83
 113090.905    53.981    -1.75    3.24
 113466.136    53.261    -1.92    3.44
 113841.380    53.045    -0.58    3.77
 114216.636    52.285    -2.03    3.96
 114591.906    52.455     0.45    4.14
 114967.187    52.856     1.07    4.09
 115342.482    53.309     1.21    3.78
 115717.789    54.587     3.41    3.74
 116093.109    55.202     1.64    3.62
 116468.441    56.079     2.34    3.55
 116843.787    56.356     0.74    3.38
 117219.144    55.662    -1.85    3.60
 117594.515    56.023     0.96    3.28
 117969.898    56.445     1.12    3.09
 118345.294    56.558     0.30    2.66
 118720.703    57.690     3.02    2.78
 119096.124    58.045     0.95    2.71
 119471.558    58.420     1.00    2.34
 119847.004    58.462     0.11    2.15
 120222.463    58.201    -0.70    1.76
 120597.935    58.786     1.56    1.82
 120973.420    59.462     1.80    2.11
 121348.918    60.640     3.14    2.59
 121724.428    61.262     1.66    2.32
 122099.950    61.285     0.06    2.53
 122475.486    61.467     0.48    2.38
 122851.034    60.995    -1.26    2.02
