# NaN NaN NaN ;Mean Elev.(m), Avg Gradient(m/km), RMS Gradient(m/km) - SRTM1     
# NaN NaN NaN ;Mean Elev.(m), Avg Gradient(m/km), RMS Gradient(m/km) - ASTER GDEM
#   14.357  -3.019   7.397 ;Mean Elev.(m), Avg Gradient(m/km), RMS Gradient(m/km) - GMTED2010 
  8  95.121386  18.506869    84.148    84.535  3 52480.64454401  9.531
  9  95.134694  18.496681    25.385    25.398  5 52515.64449164 45.441
 10  95.118836  18.507754    69.444    69.444  2 52550.64454088  9.998
 11  95.139271  18.486804    17.101    17.017  7 52585.64450963 38.840
 12  95.126401  18.502433    18.220    17.139  4 52620.64449491 28.397
 15  95.127877  18.502535    13.986    13.988  3 52725.64452319 51.475
 17  95.130415  18.502384    18.512    16.703  3 52795.64449804 21.927
 18  95.132044  18.501723    23.897    23.897  3 52830.64456439 48.205
 19  95.138941  18.485772    23.561    23.902  7 52865.64460506 24.091
 20  95.126130  18.502544    23.057    22.757  3 52900.64463731 29.097
 21  95.126703  18.502758    20.972    20.943  4 52935.64457919 52.979
 22  95.124540  18.505079    16.030    16.038  3 52970.64460081 42.942
 23  95.119333  18.509078    15.012    15.012  2 53005.64461691 45.380
 24  95.120073  18.508839    14.298    14.298  2 53040.64456781 36.539
 25  95.122911  18.506550    13.860    13.860  2 53075.64459962 17.977
 26  95.116654  18.511328    15.128    15.128  2 53110.64457077 14.845
 27  95.122501  18.506214    16.825    16.825  2 53145.64461219 17.177
 28  95.130854  18.501613    21.064    21.056  3 53180.64462095 45.219
 29  95.124451  18.505137    26.474    26.489  3 53215.64464410 42.380
 30  95.126171  18.503148    23.540    24.181  3 53250.64461904 27.402
 31  95.118129  18.508006    43.491    43.491  2 53285.64461442 22.674
 32  95.138424  18.486633    17.844    17.788  7 53320.64458948 47.731
 33  95.138575  18.486571    15.862    15.824  7 53355.64455838 39.771
 34  95.123232  18.505287    15.174    15.174  2 53390.64457256 52.173
 35  95.134173  18.496614    14.768    14.822  4 53425.64456769 50.269
 36  95.130582  18.502232    15.927    15.924  3 53460.64457686 20.691
 37  95.116548  18.511525    17.581    17.581  2 53495.64466136 13.136
 38  95.134540  18.494520    15.639    15.607  3 53530.64463437 33.978
 39  95.120356  18.507025    83.570    83.570  2 53565.64466467 10.928
 40  95.130734  18.502417    23.533    23.525  4 53600.64460633 21.719
 41  95.120418  18.506951    83.522    83.522  2 53635.64460452 11.847
 42  95.119988  18.507778    83.068    83.138  3 53670.64462574  4.201
 43  95.139239  18.485033    15.641    15.608  6 53705.64455457 28.998
 44  95.139189  18.484082    14.847    14.741  7 53740.64446689 35.529
 45  95.132758  18.499632    14.189    14.200  3 53775.64449163 28.702
 46  95.132937  18.500194    15.796    14.224  3 53810.64447278 27.845
 47  95.122172  18.505736    14.540    14.540  2 53845.64452020 16.855
 48  95.130418  18.502510    20.325    20.911  3 53880.64454525 23.125
 49  95.118002  18.508750    74.602    74.602  2 53915.64460514 10.484
 50  95.116154  18.511545    73.743    73.743  2 53950.64461394 11.313
 51  95.128977  18.502368    22.239    22.247  3 53985.64454772 48.851
 52  95.126742  18.502367    22.705    22.702  4 54020.64458730 50.734
 53  95.139049  18.487040    16.774    16.778  8 54055.64457507 44.034
 54  95.129715  18.503631    15.585    15.560  3 54090.64456505 27.004
 55  95.126200  18.503360    14.463    14.471  3 54125.64449441 40.017
 56  95.126210  18.503670    14.960    14.802  4 54160.64453290 31.856
 57  95.126253  18.502741    14.074    14.048  3 54195.64449576 44.535
 58  95.127116  18.502262    15.373    15.320  3 54230.64454544 42.709
 59  95.127518  18.503679    16.946    16.940  3 54265.64456344 45.081
 60  95.128692  18.502965    22.586    22.559  4 54300.64456755 25.687
 61  95.128977  18.502699    24.171    24.139  3 54335.64455604 37.202
 63  95.127587  18.502267    21.519    21.528  3 54405.64450034 49.037
 64  95.125733  18.502899    16.635    16.593  4 54440.64445816 25.455
 65  95.128516  18.503623    15.691    15.709  3 54475.64448793 48.493
 66  95.126219  18.503446    15.737    15.611  4 54510.64447326 34.671
 67  95.127965  18.504368    14.747    14.732  3 54545.64450234 32.902
 68  95.128527  18.503410    14.860    14.910  4 54580.64446913 24.630
 69  95.128459  18.503980    16.682    16.648  3 54615.64449189 24.234
 70  95.124757  18.505431    22.848    22.848  2 54650.64450447 25.026
 71  95.127766  18.504293    24.468    24.458  3 54685.64449763 35.028
 72  95.126326  18.503598    24.573    24.583  4 54720.64444895 43.619
 73  95.126784  18.504021    20.789    20.802  3 54755.64447185 44.137
 74  95.124003  18.505079    17.466    17.482  3 54790.64444213 42.638
 75  95.126938  18.504028    15.773    15.772  3 54825.64446836 50.182
 76  95.126780  18.502672    14.834    14.751  4 54860.64443547 44.702
 77  95.126612  18.503359    14.288    14.169  3 54895.64446891 22.479
 78  95.123893  18.506040    13.892    13.892  2 54930.64443396 21.761
 79  95.126828  18.502363    14.404    14.424  4 54965.64446985 24.486
 80  95.123687  18.506171    18.360    18.360  2 55000.64449052 23.347
 81  95.128030  18.503812    22.961    22.596  3 55035.64447537 22.217
 82  95.128102  18.504519    23.490    23.487  3 55070.64446516 48.187
 83  95.124013  18.505121    23.479    23.479  2 55105.64440777 46.705
 84  95.127370  18.502677    17.254    17.251  4 55140.64441321 42.740
 85  95.126718  18.502657    15.285    15.241  4 55175.64437499 46.900
 86  95.126968  18.503031    14.555    14.494  3 55210.64440855 50.806
 87  95.125738  18.503634    14.166    13.840  4 55245.64438053 48.667
 88  95.127197  18.503396    13.963    13.916  3 55280.64440209 22.102
 89  95.126202  18.502583    16.862    16.373  3 55315.64436882 22.046
 90  95.127783  18.504170    18.130    18.068  3 55350.64437421 18.248
 91  95.123959  18.505501    23.761    23.761  2 55385.64436833 41.503
 92  95.128235  18.502240    24.093    24.112  3 55420.64439217 40.273
 93  95.128683  18.504228    23.831    23.748  3 55455.64436881 22.820
 94  95.132104  18.500968    24.679    24.638  4 55490.64428561 23.659
