# NaN NaN NaN ;Mean Elev.(m), Avg Gradient(m/km), RMS Gradient(m/km) - SRTM1     
#   41.473  -3.915  12.540 ;Mean Elev.(m), Avg Gradient(m/km), RMS Gradient(m/km) - ASTER GDEM
#   48.217  -3.997  11.748 ;Mean Elev.(m), Avg Gradient(m/km), RMS Gradient(m/km) - GMTED2010 
  7  94.685428  20.786499    50.165    50.165  2 52465.16275693 11.720
  8  94.684086  20.788372    50.720    50.720  2 52500.16275205 31.082
 10  94.686260  20.791240    46.915    46.510  5 52570.16277029 35.616
 11  94.684890  20.795636    48.076    47.963  6 52605.16274558 18.616
 12  94.685762  20.791864    47.018    46.978  6 52640.16273195 17.984
 13  94.685858  20.794396    44.063    45.421  6 52675.16272470 33.819
 14  94.686472  20.792526    42.371    42.430  6 52710.16274475 41.152
 15  94.680557  20.804169    45.907    46.322  7 52745.16277109 26.368
 16  94.692496  20.815588    47.056    47.056  2 52780.16270490 18.663
 18  94.689807  20.801482    50.338    50.328  6 52850.16284254 41.140
 19  94.684345  20.800797    49.076    49.446  7 52885.16287793 36.460
 20  94.687721  20.803694    50.768    50.989  6 52920.16283340 38.036
 21  94.694839  20.798210    45.424    44.984  6 52955.16279818 25.011
 22  94.695722  20.799457    43.447    43.413  6 52990.16281049 48.414
 23  94.694316  20.798142    44.061    43.383  6 53025.16278542 42.820
 24  94.699756  20.811534    42.586    42.692  7 53060.16278574 48.576
 25  94.680126  20.802729    43.947    44.550  6 53095.16282217 29.377
 26  94.695414  20.798701    43.704    43.708  6 53130.16279438 42.548
 29  94.694616  20.798027    49.907    49.895  6 53235.16283663 26.330
 30  94.687171  20.784379    52.043    52.153  3 53270.16280244 24.421
 31  94.682515  20.801540    49.882    49.795  7 53305.16286184 40.470
 32  94.684954  20.794430    47.288    47.546  5 53340.16283148 32.776
 33  94.686793  20.792446    45.043    43.826  6 53375.16276246 25.501
 34  94.689094  20.789562    42.832    42.920  7 53410.16280660 40.211
 35  94.684709  20.795969    44.938    45.230  6 53445.16278827 34.600
 36  94.683210  20.801358    44.737    44.788  7 53480.16286838 36.973
 37  94.685920  20.791727    43.869    43.621  6 53515.16287597 39.718
 39  94.686749  20.790405    48.590    48.452  5 53585.16285635 23.542
 41  94.686027  20.792178    48.293    48.252  6 53655.16284160 38.290
 42  94.685984  20.804439    45.860    45.829  6 53690.16283221 38.275
 43  94.685998  20.792221    46.198    46.427  6 53725.16275867 21.019
 44  94.700279  20.811812    42.740    42.765  7 53760.16269974 35.042
 45  94.688183  20.790269    46.117    44.415  7 53795.16272153 24.927
 46  94.693759  20.799247    42.603    42.573  6 53830.16269830 46.809
 47  94.685229  20.794411    47.261    49.244  5 53865.16277670 18.093
 48  94.686039  20.792234    49.339    49.303  6 53900.16280357 34.915
 49  94.679257  20.805319    50.130    50.090  5 53935.16284355 29.087
 52  94.692740  20.800056    48.044    47.995  6 54040.16282060 19.885
 53  94.686253  20.792042    46.414    46.755  6 54075.16281682 21.381
 54  94.684194  20.799744    45.930    45.983  6 54110.16275882 36.755
 55  94.686830  20.790518    43.073    42.682  5 54145.16275587 31.910
 56  94.684559  20.797450    48.917    49.825  5 54180.16274508 25.148
 57  94.686261  20.792565    42.931    43.056  6 54215.16276318 34.357
 59  94.687235  20.793056    48.822    48.840  7 54285.16279755 26.712
 60  94.687698  20.792867    52.109    52.030  7 54320.16279473 25.311
 61  94.685656  20.793144    51.071    50.991  5 54355.16275685 42.677
 62  94.693013  20.815483    49.787    50.048  3 54390.16273090 30.077
 63  94.685921  20.792926    46.829    46.577  6 54425.16270712 31.883
 64  94.688310  20.790627    44.347    44.161  7 54460.16271172 41.523
 65  94.688690  20.801714    43.504    43.538  6 54495.16271102 34.174
 66  94.691396  20.800932    42.943    42.893  6 54530.16272259 33.073
 68  94.686577  20.792390    43.630    43.561  7 54600.16271952 36.463
 69  94.687519  20.803011    48.438    48.310  6 54635.16273012 19.597
 70  94.685357  20.794532    50.341    50.388  6 54670.16273590 31.694
 71  94.688907  20.802220    51.136    51.050  6 54705.16269676 25.086
 72  94.687605  20.792102    49.268    49.142  7 54740.16269974 26.890
 73  94.686396  20.791193    48.024    47.915  5 54775.16268062 42.386
 74  94.687967  20.792227    44.363    44.137  7 54810.16269295 45.170
 75  94.685986  20.794308    43.104    43.201  6 54845.16267867 32.908
 76  94.686353  20.795029    42.498    42.628  7 54880.16269615 36.472
 77  94.684133  20.798795    43.183    43.939  6 54915.16268151 34.745
 79  94.690274  20.816029    46.578    46.578  2 54985.16270934 17.086
 80  94.687450  20.793066    49.030    49.024  7 55020.16270847 23.295
 81  94.686495  20.791152    49.992    50.017  5 55055.16270510 32.088
 82  94.689421  20.815123    50.786    50.786  2 55090.16266011 35.616
 83  94.689957  20.801689    48.044    47.683  6 55125.16264156 41.267
 84  94.685064  20.794464    46.239    46.429  6 55160.16262531 33.209
 85  94.687241  20.790168    43.839    44.365  6 55195.16263384 21.215
 86  94.685175  20.798509    44.331    45.152  7 55230.16262746 34.605
 87  94.687497  20.793074    42.926    41.748  7 55265.16262851 25.444
 88  94.685772  20.793651    47.903    49.089  5 55300.16260988 17.855
 89  94.685870  20.795166    48.690    49.084  7 55335.16260458 15.928
 90  94.686581  20.791833    48.534    48.483  6 55370.16259614 27.233
 91  94.690655  20.801192    50.534    50.531  6 55405.16261181 28.444
 92  94.686477  20.791033    50.313    50.294  5 55440.16261459 39.803
 93  94.684820  20.790109    48.642    48.729  4 55475.16255998 41.825
