# NaN NaN NaN ;Mean Elev.(m), Avg Gradient(m/km), RMS Gradient(m/km) - SRTM1     
#   10.000  -0.291   1.417 ;Mean Elev.(m), Avg Gradient(m/km), RMS Gradient(m/km) - ASTER GDEM
#    9.000  -0.084   1.285 ;Mean Elev.(m), Avg Gradient(m/km), RMS Gradient(m/km) - GMTED2010 
  8    18.459 52497.15929568 30.30  95.463158  18.017741 16.152
  8    18.233 52497.15929632 22.68  95.462378  18.014441 16.152
  8    18.072 52497.15929697 22.46  95.461598  18.011141 16.152
  8    17.806 52497.15929761 22.80  95.460828  18.007841 16.152
  8    18.131 52497.15929826 25.46  95.460048  18.004541 16.152
  8    18.251 52497.15929890 30.26  95.459268  18.001241 16.152
 10    15.077 52567.15930714 15.64  95.464947  18.011678 14.759
 10    13.956 52567.15930779 16.37  95.464167  18.008378 14.759
 10    13.848 52567.15930843 15.66  95.463397  18.005078 14.759
 10    13.112 52567.15930908 18.07  95.462617  18.001778 14.759
 10    16.107 52567.15930972 17.12  95.461837  17.998478 14.759
 10    15.120 52567.15931037 15.09  95.461057  17.995178 14.759
 10    14.764 52567.15931101 15.24  95.460277  17.991878 14.759
 10    14.563 52567.15931166 15.51  95.459497  17.988578 14.759
 11    11.348 52602.15931002 30.72  95.457425  18.025240 13.375
 11    11.344 52602.15931067 36.90  95.456645  18.021940 13.375
 11    11.383 52602.15931131 41.00  95.455865  18.018640 13.375
 11    11.282 52602.15931196 34.68  95.455095  18.015340 13.375
 12    15.145 52637.15927866 15.10  95.461041  18.021721 16.895
 12    10.179 52637.15927931 16.55  95.460261  18.018421 16.895
 12    10.054 52637.15927995 15.86  95.459481  18.015121 16.895
 12     9.962 52637.15928060 14.54  95.458701  18.011821 16.895
 12     9.769 52637.15928124 14.06  95.457921  18.008521 16.895
 12     9.889 52637.15928189 15.17  95.457152  18.005217 24.197
 13     8.900 52672.15928195 20.24  95.460153  18.021185  9.757
 13     9.618 52672.15928260 16.65  95.459373  18.017885  9.757
 13     9.255 52672.15928324 15.37  95.458593  18.014585  9.757
 13     9.328 52672.15928389 13.62  95.457813  18.011285  9.757
 13     9.052 52672.15928453 13.71  95.457033  18.007985  9.757
 13     9.192 52672.15928518 17.60  95.456263  18.004685  9.757
 14     8.811 52707.15928423 25.77  95.463284  18.017949  7.494
 14     8.934 52707.15928487 25.78  95.462504  18.014649  7.494
 14     8.804 52707.15928552 26.11  95.461725  18.011346 17.594
 14     8.598 52707.15928616 27.60  95.460955  18.008046 17.594
 14     8.638 52707.15928681 29.62  95.460175  18.004746 17.594
 14     8.952 52707.15928745 32.43  95.459395  18.001446 17.594
 15     9.257 52742.15931485 27.98  95.458048  18.025073 26.727
 15     9.554 52742.15931549 35.58  95.457268  18.021773 26.727
 15     9.489 52742.15931614 31.82  95.456498  18.018473 26.727
 15     8.964 52742.15931678 20.86  95.455718  18.015173 26.727
 16    17.021 52777.15925706 20.39  95.462681  18.019431  9.980
 16    10.410 52777.15925770 24.17  95.461901  18.016131  9.980
 16    11.827 52777.15925835 24.20  95.461121  18.012831  9.980
 16    15.074 52777.15925899 21.85  95.460351  18.009531  9.980
 16    17.272 52777.15925964 18.75  95.459571  18.006231  9.980
 16    17.773 52777.15926028 17.37  95.458791  18.002931  9.980
 17    15.975 52812.15933602 15.80  95.460582  18.020886 20.730
 17    15.179 52812.15933667 16.67  95.459802  18.017586 20.730
 17    14.885 52812.15933731 18.10  95.459022  18.014286 20.730
 17    14.825 52812.15933796 22.38  95.458242  18.010986 20.730
 17    14.874 52812.15933860 26.31  95.457472  18.007682 33.278
 17    14.904 52812.15933925 30.36  95.456692  18.004382 33.278
 18    18.222 52847.15939085 26.16  95.462334  18.019561 29.161
 18    17.968 52847.15939150 20.80  95.461554  18.016261 29.161
 18    17.741 52847.15939214 20.99  95.460774  18.012961 29.161
 18    17.797 52847.15939279 20.52  95.459994  18.009661 29.161
 18    18.054 52847.15939343 22.57  95.459214  18.006361 29.161
 18    18.011 52847.15939408 30.65  95.458434  18.003061 29.161
 19    17.417 52882.15942718 19.46  95.459257  18.021578 22.443
 19    16.847 52882.15942782 19.00  95.458477  18.018278 22.443
 19    16.418 52882.15942847 19.65  95.457697  18.014978 22.443
 19    16.409 52882.15942911 22.44  95.456927  18.011678 22.443
 20    14.867 52917.15938465 34.46  95.462216  18.018879 29.506
 20    14.848 52917.15938529 37.75  95.461436  18.015579 29.506
 20    14.837 52917.15938594 41.37  95.460666  18.012279 29.506
 20    14.837 52917.15938658 44.37  95.459886  18.008979 29.506
 20    14.850 52917.15938723 47.72  95.459106  18.005679 29.506
 20    14.817 52917.15938787 41.83  95.458328  18.002373 30.186
 21    12.067 52952.15934802 24.09  95.466059  18.008351 18.958
 21    11.941 52952.15934867 24.96  95.465288  18.005048 13.720
 21    11.717 52952.15934931 27.30  95.464508  18.001748 13.720
 21    11.915 52952.15934996 25.38  95.463728  17.998448 13.720
 21    11.974 52952.15935060 23.79  95.462948  17.995148 13.720
 21    12.163 52952.15935125 25.54  95.462168  17.991848 13.720
 21    12.134 52952.15935189 25.97  95.461388  17.988548 13.720
 21    12.087 52952.15935254 26.14  95.460608  17.985248 13.720
 21    11.985 52952.15935318 26.33  95.459838  17.981948 13.720
 22    10.037 52987.15936321 18.84  95.466866  18.007903 14.309
 22     9.935 52987.15936386 21.86  95.466086  18.004603 14.309
 22     9.868 52987.15936450 23.28  95.465316  18.001303 14.309
 22     9.905 52987.15936515 21.97  95.464536  17.998003 14.309
 22     9.948 52987.15936579 19.41  95.463753  17.994699 12.198
 22    10.007 52987.15936644 18.24  95.462973  17.991399 12.198
 22    10.337 52987.15936708 17.49  95.462203  17.988099 12.198
 22    11.195 52987.15936772 17.35  95.461423  17.984799 12.198
 22    11.507 52987.15936837 17.94  95.460643  17.981499 12.198
 22    11.762 52987.15936901 18.76  95.459863  17.978199 12.198
 23     9.561 53022.15935086 24.24  95.463748  18.013111 21.087
 23     9.452 53022.15935150 25.60  95.462968  18.009811 21.087
 23     9.726 53022.15935215 23.50  95.462188  18.006511 21.087
 23     9.519 53022.15935279 34.56  95.461408  18.003211 21.087
 23     9.693 53022.15935343 23.71  95.460638  17.999911 21.087
 23     9.992 53022.15935408 24.17  95.459858  17.996611 21.087
 24     8.811 53057.15934333 20.09  95.466745  18.009499 10.297
 24     8.665 53057.15934397 19.99  95.465965  18.006199 10.297
 24     8.631 53057.15934462 20.74  95.465185  18.002899 10.297
 24     8.549 53057.15934526 22.48  95.464415  17.999599 10.297
 24     8.642 53057.15934591 23.47  95.463630  17.996296 19.072
 24     8.594 53057.15934655 24.84  95.462850  17.992996 19.072
 24     8.645 53057.15934720 26.97  95.462080  17.989696 19.072
 24     8.758 53057.15934784 32.22  95.461300  17.986396 19.072
 24     8.553 53057.15934849 38.34  95.460520  17.983096 19.072
 24     8.434 53057.15934913 35.03  95.459740  17.979796 19.072
 25     8.705 53092.15937757 21.94  95.454667  18.029891 23.698
 25     8.642 53092.15937821 23.15  95.453887  18.026591 23.698
 25     8.795 53092.15937886 32.25  95.453117  18.023291 23.698
 25     8.700 53092.15937950 34.91  95.452337  18.019991 23.698
 26    11.315 53127.15935093 22.08  95.464791  18.012998 15.604
 26    11.321 53127.15935158 28.69  95.464011  18.009698 15.604
 26    11.325 53127.15935222 30.01  95.463231  18.006398 15.604
 26    11.179 53127.15935287 28.63  95.462451  18.003098 15.604
 26    11.178 53127.15935351 23.54  95.461671  17.999798 15.604
 26    11.173 53127.15935416 19.62  95.460894  17.996493 14.809
 26    11.169 53127.15935480 19.73  95.460114  17.993193 14.809
 27    12.753 53162.15941240 15.98  95.457426  18.025372 15.766
 27    12.866 53162.15941305 14.40  95.456646  18.022072 15.766
 27    13.001 53162.15941369 13.53  95.455866  18.018772 15.766
 27    12.953 53162.15941434 13.22  95.455086  18.015472 15.766
 28    16.125 53197.15941351 16.43  95.462300  18.015828 17.153
 28    16.140 53197.15941416 16.09  95.461530  18.012528 17.153
 28    16.073 53197.15941480 17.34  95.460750  18.009228 17.153
 28    16.007 53197.15941544 20.64  95.459967  18.005924 30.591
 28    16.324 53197.15941609 23.59  95.459187  18.002624 30.591
 29    17.711 53232.15939364 22.56  95.465661  18.009773 27.467
 29    17.575 53232.15939429 22.32  95.464881  18.006473 27.467
 29    17.649 53232.15939493 24.23  95.464101  18.003173 27.467
 29    17.742 53232.15939557 24.82  95.463331  17.999873 27.467
 29    17.815 53232.15939622 26.15  95.462551  17.996573 27.467
 29    17.887 53232.15939686 25.15  95.461771  17.993268 18.213
 29    17.868 53232.15939751 25.09  95.460991  17.989968 18.213
 29    17.831 53232.15939815 24.14  95.460211  17.986668 18.213
 30    18.849 53267.15936044 28.58  95.458580  18.022214 12.212
 30    18.725 53267.15936108 29.32  95.457810  18.018914 12.212
 30    18.731 53267.15936173 30.50  95.457030  18.015614 12.212
 30    18.770 53267.15936237 31.05  95.456250  18.012314 12.212
 31    17.154 53302.15941362 27.86  95.455618  18.026339 26.679
 31    17.053 53302.15941426 28.44  95.454838  18.023039 26.679
 31    16.890 53302.15941491 29.56  95.454058  18.019739 26.679
 31    16.828 53302.15941555 28.59  95.453278  18.016439 26.679
 32    15.417 53337.15938483 12.28  95.460698  18.020071 14.191
 32    11.739 53337.15938548 11.94  95.459918  18.016771 14.191
 32    12.567 53337.15938612 12.10  95.459138  18.013471 14.191
 32    13.490 53337.15938677 12.44  95.458358  18.010171 14.191
 32    13.605 53337.15938741 15.18  95.457588  18.006871 14.191
 32    13.460 53337.15938806 20.35  95.456808  18.003571 14.191
 33    10.446 53372.15932048 18.09  95.461466  18.019014 27.640
 33    10.449 53372.15932113 20.58  95.460686  18.015714 27.640
 33    10.539 53372.15932177 21.60  95.459906  18.012414 27.640
 33    10.472 53372.15932242 23.15  95.459126  18.009114 27.640
 33    10.468 53372.15932306 27.28  95.458356  18.005814 27.640
 33    10.498 53372.15932371 31.02  95.457576  18.002514 27.640
 35    10.149 53442.15934271 33.68  95.460413  18.022182 16.515
 35    10.195 53442.15934335 35.22  95.459633  18.018882 16.515
 35    10.258 53442.15934400 36.11  95.458853  18.015582 16.515
 35    10.239 53442.15934464 38.41  95.458073  18.012282 16.515
 35    10.250 53442.15934529 39.22  95.457303  18.008982 16.515
 35    10.146 53442.15934593 49.82  95.456523  18.005682 16.515
 36    10.878 53477.15941252 18.20  95.458340  18.024476 19.093
 36    10.602 53477.15941317 18.44  95.457560  18.021176 19.093
 36    10.708 53477.15941381 17.80  95.456780  18.017876 19.093
 36    10.822 53477.15941446 19.09  95.456000  18.014576 19.093
 37    10.833 53512.15942539 26.92  95.461332  18.019061 24.229
 37    10.747 53512.15942604 27.71  95.460552  18.015761 24.229
 37    10.711 53512.15942668 30.30  95.459772  18.012461 24.229
 37    10.708 53512.15942733 30.57  95.458992  18.009161 24.229
 37    10.662 53512.15942797 37.39  95.458212  18.005861 24.229
 38    14.490 53547.15944204 19.21  95.457698  18.025986 13.250
 38    15.814 53547.15944269 15.19  95.456918  18.022686 13.250
 38    15.303 53547.15944333 14.25  95.456138  18.019386 13.250
 38    15.982 53547.15944397 13.76  95.455358  18.016086 13.250
 39    15.814 53582.15941371 13.87  95.460673  18.018834 16.869
 39    15.664 53582.15941435 12.92  95.459893  18.015534 16.869
 39    15.661 53582.15941500 13.14  95.459113  18.012234 16.869
 39    15.640 53582.15941564 13.29  95.458333  18.008934 16.869
 39    15.562 53582.15941628 12.95  95.457553  18.005634 16.869
 40    18.195 53617.15936790 45.07  95.457865  18.025186 38.083
 40    18.176 53617.15936855 43.54  95.457085  18.021886 38.083
 40    18.165 53617.15936919 45.80  95.456315  18.018586 38.083
 40    18.149 53617.15936984 45.92  95.455535  18.015286 38.083
 41    15.904 53652.15938701 14.82  95.462138  18.016581 17.731
 41    15.575 53652.15938765 13.73  95.461358  18.013281 17.731
 41    15.347 53652.15938830 13.99  95.460578  18.009981 17.731
 41    15.555 53652.15938894 13.42  95.459802  18.006677 29.370
 41    15.377 53652.15938959 13.90  95.459022  18.003377 29.370
 42    12.539 53687.15938907 20.57  95.458666  18.025313 19.143
 42    15.370 53687.15938971 18.15  95.457896  18.022013 19.143
 42    12.500 53687.15939036 17.22  95.457116  18.018713 19.143
 42    12.469 53687.15939100 17.38  95.456336  18.015413 19.143
 42    12.519 53687.15939164 17.02  95.455556  18.012113 19.143
 43    10.324 53722.15931581 27.19  95.461992  18.017946 19.527
 43    10.008 53722.15931645 27.60  95.461212  18.014646 19.527
 43     9.989 53722.15931710 26.22  95.460432  18.011346 19.527
 43     9.822 53722.15931774 26.68  95.459652  18.008046 19.527
 43     9.962 53722.15931839 25.60  95.458882  18.004746 19.527
 44     9.305 53757.15924991 43.12  95.468105  18.008722 17.399
 44     9.368 53757.15925055 34.75  95.467326  18.005418 33.202
 44     9.225 53757.15925120 32.91  95.466556  18.002118 33.202
 44     8.988 53757.15925184 30.73  95.465776  17.998818 33.202
 44     9.229 53757.15925249 31.03  95.464996  17.995518 33.202
 44     9.231 53757.15925313 35.29  95.464216  17.992218 33.202
 44     9.228 53757.15925378 40.67  95.463436  17.988918 33.202
 44     9.187 53757.15925442 45.34  95.462656  17.985618 33.202
 44     9.142 53757.15925507 47.20  95.461886  17.982318 33.202
 44     9.071 53757.15925571 34.24  95.461106  17.979018 33.202
 44     8.651 53757.15925636 32.84  95.460326  17.975718 33.202
 45     9.119 53792.15927389 34.39  95.463828  18.013728 20.070
 45     8.859 53792.15927454 29.68  95.463048  18.010428 20.070
 45     8.642 53792.15927518 29.35  95.462278  18.007128 20.070
 45     8.841 53792.15927583 27.16  95.461498  18.003828 20.070
 45     8.934 53792.15927647 28.11  95.460718  18.000523 22.391
 45     8.996 53792.15927712 37.76  95.459938  17.997223 22.391
 46     8.974 53827.15923952 34.93  95.465978  18.008742 20.428
 46     8.803 53827.15924017 31.14  95.465198  18.005442 20.428
 46     8.731 53827.15924081 29.38  95.464418  18.002142 20.428
 46     9.022 53827.15924146 32.28  95.463638  17.998842 20.428
 46     8.934 53827.15924210 42.02  95.462858  17.995542 20.428
 46     8.928 53827.15924275 38.84  95.462088  17.992238 28.310
 46     8.878 53827.15924339 44.17  95.461308  17.988938 28.310
 46     8.839 53827.15924404 48.42  95.460528  17.985638 28.310
 46     8.780 53827.15924468 44.08  95.459748  17.982338 28.310
 47     9.749 53862.15932487 34.81  95.459711  18.021065 18.559
 47     9.767 53862.15932551 36.48  95.458931  18.017765 18.559
 47     9.803 53862.15932616 37.23  95.458151  18.014465 18.559
 47     9.699 53862.15932680 39.06  95.457371  18.011165 18.559
 48    15.596 53897.15934706 16.63  95.462252  18.015837 13.272
 48    15.700 53897.15934771 15.42  95.461472  18.012537 13.272
 48    15.593 53897.15934835 15.59  95.460692  18.009237 13.272
 48    15.911 53897.15934900 14.75  95.459917  18.005931 29.048
 48    17.066 53897.15934964 15.48  95.459137  18.002631 29.048
 49    16.550 53932.15939371 16.86  95.453863  18.029130 18.841
 49    16.300 53932.15939435 16.46  95.453083  18.025830 18.841
 49    16.180 53932.15939500 16.19  95.452313  18.022530 18.841
 50    15.806 53967.15936919 15.90  95.456182  18.025680 23.888
 50    15.494 53967.15936984 15.18  95.455402  18.022380 23.888
 50    15.263 53967.15937048 15.89  95.454632  18.019080 23.888
 50    14.893 53967.15937113 16.48  95.453852  18.015780 23.888
 51    17.950 54002.15933554 45.38  95.465558  18.012992 31.457
 51    17.955 54002.15933618 46.67  95.464788  18.009692 31.457
 51    17.927 54002.15933683 46.26  95.464008  18.006392 31.457
 51    17.877 54002.15933747 44.91  95.463228  18.003092 31.457
 51    17.830 54002.15933812 45.81  95.462448  17.999792 31.457
 51    17.782 54002.15933876 45.07  95.461668  17.996492 31.457
 51    17.773 54002.15933941 46.09  95.460888  17.993192 31.457
 51    17.738 54002.15934005 46.16  95.460108  17.989892 31.457
 52    15.593 54037.15937402 16.95  95.464094  18.015141 15.847
 52    15.061 54037.15937467 15.91  95.463314  18.011841 15.847
 52    13.980 54037.15937531 16.07  95.462534  18.008541 15.847
 52    13.287 54037.15937596 14.88  95.461764  18.005241 15.847
 52    12.938 54037.15937660 15.36  95.460984  18.001941 15.847
 52    15.021 54037.15937725 14.64  95.460204  17.998641 15.847
 52    15.611 54037.15937789 15.34  95.459424  17.995341 15.847
 53    13.002 54072.15936809 15.13  95.462361  18.017629 13.559
 53    10.508 54072.15936873 15.90  95.461581  18.014329 13.559
 53    10.425 54072.15936938 16.75  95.460801  18.011029 13.559
 53    13.253 54072.15937002 16.37  95.460021  18.007729 13.559
 53    12.637 54072.15937067 17.26  95.459251  18.004429 13.559
 54     9.619 54107.15931681 21.72  95.459171  18.023165 16.375
 54     9.414 54107.15931746 20.02  95.458391  18.019865 16.375
 54     9.468 54107.15931810 22.10  95.457621  18.016565 16.375
 54     9.634 54107.15931875 21.12  95.456841  18.013265 16.375
 55     9.320 54142.15930207 20.09  95.462229  18.018768 11.395
 55     8.984 54142.15930272 21.74  95.461449  18.015468 11.395
 55     8.818 54142.15930336 23.16  95.460669  18.012168 11.395
 55     8.934 54142.15930401 23.46  95.459899  18.008868 11.395
 55     8.977 54142.15930465 23.23  95.459119  18.005568 11.395
 55     8.745 54142.15930530 20.80  95.458339  18.002268 11.395
 57     9.939 54212.15930870 24.30  95.461519  18.020736 11.825
 57     9.831 54212.15930935 25.43  95.460739  18.017436 11.825
 57     9.702 54212.15930999 26.77  95.459959  18.014136 11.825
 57     9.781 54212.15931064 31.34  95.459179  18.010836 11.825
 57     9.815 54212.15931128 32.77  95.458399  18.007536 11.825
 57     9.843 54212.15931193 30.89  95.457629  18.004236 11.825
 58    15.176 54247.15933795 36.32  95.461691  18.019469 19.275
 58    15.199 54247.15933859 37.57  95.460911  18.016169 19.275
 58    15.181 54247.15933924 37.20  95.460131  18.012869 19.275
 58    15.079 54247.15933988 37.11  95.459351  18.009569 19.275
 58    15.037 54247.15934052 36.30  95.458571  18.006269 19.275
 58    15.298 54247.15934117 34.53  95.457801  18.002969 19.275
 60    18.642 54317.15934691 17.73  95.462252  18.016307  5.888
 60    18.267 54317.15934756 17.81  95.461472  18.013007  5.888
 60    18.294 54317.15934820 18.64  95.460692  18.009707  5.888
 60    18.608 54317.15934885 20.74  95.459912  18.006407  5.888
 60    18.717 54317.15934949 23.40  95.459132  18.003107  5.888
 61    17.032 54352.15931212 26.26  95.461254  18.020916 20.538
 61    16.941 54352.15931276 26.51  95.460474  18.017616 20.538
 61    17.108 54352.15931340 27.07  95.459694  18.014316 20.538
 61    17.083 54352.15931405 27.40  95.458924  18.011016 20.538
 61    17.001 54352.15931469 24.67  95.458144  18.007716 20.538
 61    16.830 54352.15931534 24.25  95.457364  18.004416 20.538
 62    15.301 54387.15928611 42.99  95.462938  18.018241 21.963
 62    15.250 54387.15928676 49.29  95.462162  18.014937 23.971
 62    15.216 54387.15928740 46.27  95.461392  18.011637 23.971
 62    15.090 54387.15928805 47.39  95.460612  18.008337 23.971
 62    14.955 54387.15928869 45.87  95.459832  18.005037 23.971
 62    15.028 54387.15928934 48.37  95.459052  18.001737 23.971
 63    16.005 54422.15926199 15.35  95.460832  18.022019 16.933
 63    15.457 54422.15926263 15.34  95.460062  18.018719 16.933
 63    12.636 54422.15926328 19.10  95.459282  18.015419 16.933
 63    12.849 54422.15926392 20.24  95.458502  18.012113 20.609
 63    12.855 54422.15926457 19.87  95.457722  18.008813 20.609
 63    12.864 54422.15926521 19.64  95.456942  18.005513 20.609
 64    11.100 54457.15925998 24.68  95.463669  18.016225 14.095
 64    11.205 54457.15926062 24.36  95.462889  18.012925 14.095
 64    11.232 54457.15926127 32.85  95.462109  18.009625 14.095
 64    10.989 54457.15926191 30.86  95.461329  18.006325 14.095
 64    10.738 54457.15926256 26.36  95.460549  18.003025 14.095
 64    10.556 54457.15926320 22.87  95.459769  17.999725 14.095
 65    10.448 54492.15926518 21.62  95.461405  18.017745 18.979
 65    10.431 54492.15926582 25.01  95.460625  18.014445 18.979
 65    10.337 54492.15926647 25.95  95.459845  18.011145 18.979
 65     9.881 54492.15926711 25.04  95.459075  18.007845 18.979
 65    10.045 54492.15926776 23.55  95.458295  18.004545 18.979
 66    10.314 54527.15927318 38.78  95.463254  18.014126 10.789
 66    10.220 54527.15927382 33.05  95.462478  18.010822 19.073
 66     9.787 54527.15927447 31.25  95.461698  18.007522 19.073
 66     9.825 54527.15927511 33.29  95.460928  18.004222 19.073
 66     9.861 54527.15927576 42.61  95.460148  18.000922 19.073
 66     9.939 54527.15927640 48.08  95.459368  17.997622 19.073
 67    10.419 54562.15927232 34.89  95.460394  18.020818 14.749
 67    10.511 54562.15927296 36.72  95.459614  18.017518 14.749
 67    10.660 54562.15927361 45.87  95.458834  18.014218 14.749
 67    10.377 54562.15927425 34.50  95.458064  18.010918 14.749
 67    10.146 54562.15927490 32.80  95.457284  18.007618 14.749
 67    10.286 54562.15927554 38.01  95.456506  18.004311 19.300
 68    11.633 54597.15926738 15.92  95.461993  18.020719 16.698
 68    10.935 54597.15926803 22.22  95.461213  18.017419 16.698
 68    10.999 54597.15926867 30.05  95.460443  18.014119 16.698
 68    10.941 54597.15926932 34.60  95.459663  18.010819 16.698
 68    10.554 54597.15926996 30.47  95.458880  18.007514 12.678
 68    10.390 54597.15927061 27.09  95.458100  18.004214 12.678
 69    16.812 54632.15928137 18.00  95.460595  18.019762  8.455
 69    15.638 54632.15928202 20.28  95.459815  18.016462  8.455
 69    15.568 54632.15928266 18.47  95.459045  18.013162  8.455
 69    14.891 54632.15928331 20.02  95.458261  18.009859 14.756
 69    14.400 54632.15928395 21.25  95.457481  18.006559 14.756
 70    18.095 54667.15928680 20.45  95.460331  18.020579 19.018
 70    17.777 54667.15928744 18.60  95.459551  18.017279 19.018
 70    17.518 54667.15928809 19.84  95.458781  18.013979 19.018
 70    17.556 54667.15928873 21.24  95.458001  18.010679 19.018
 70    17.819 54667.15928938 20.65  95.457218  18.007374 27.825
 70    18.071 54667.15929002 25.77  95.456438  18.004074 27.825
 71    17.884 54702.15925416 23.83  95.461548  18.018235 22.400
 71    17.816 54702.15925481 23.21  95.460768  18.014935 22.400
 71    17.963 54702.15925545 24.25  95.459998  18.011635 22.400
 71    18.000 54702.15925610 25.39  95.459218  18.008335 22.400
 71    17.986 54702.15925674 23.43  95.458438  18.005035 22.400
 72    16.698 54737.15924822 16.64  95.462440  18.016757 23.414
 72    16.073 54737.15924886 16.88  95.461660  18.013457 23.414
 72    15.170 54737.15924951 18.47  95.460882  18.010155 26.108
 72    14.977 54737.15925015 20.21  95.460112  18.006855 26.108
 72    15.079 54737.15925080 26.87  95.459332  18.003555 26.108
 73    13.473 54772.15923578 32.51  95.461471  18.017162 28.571
 73    13.546 54772.15923643 34.89  95.460701  18.013862 28.571
 73    13.676 54772.15923707 39.46  95.459921  18.010562 28.571
 73    13.580 54772.15923772 43.15  95.459141  18.007258 26.781
 73    13.448 54772.15923836 45.76  95.458361  18.003958 26.781
 74    11.642 54807.15924163 19.84  95.461544  18.017136 29.550
 74    11.564 54807.15924228 20.92  95.460764  18.013836 29.550
 74    11.608 54807.15924292 24.08  95.459985  18.010532 18.233
 74    11.498 54807.15924357 21.35  95.459215  18.007232 18.233
 74    14.601 54807.15924421 18.06  95.458435  18.003932 18.233
 75    14.568 54842.15923150 16.44  95.461833  18.019478 17.182
 75    12.651 54842.15923215 19.41  95.461053  18.016178 17.182
 75    10.339 54842.15923279 26.88  95.460283  18.012878 17.182
 75    10.350 54842.15923344 26.02  95.459503  18.009578 17.182
 75     9.885 54842.15923408 25.38  95.458722  18.006274 23.401
 75     9.804 54842.15923473 21.82  95.457942  18.002974 23.401
 76     9.815 54877.15924320 51.98  95.461371  18.021101 28.326
 76     9.857 54877.15924384 51.84  95.460591  18.017801 28.326
 76     9.768 54877.15924449 48.37  95.459815  18.014498 21.200
 76     9.879 54877.15924513 31.10  95.459035  18.011198 21.200
 76     9.477 54877.15924578 28.22  95.458265  18.007898 21.200
 76     9.441 54877.15924642 34.34  95.457485  18.004598 21.200
 77    14.861 54912.15923570 15.18  95.459517  18.023542 14.168
 77    11.726 54912.15923635 17.46  95.458737  18.020242 14.168
 77     9.482 54912.15923699 24.06  95.457957  18.016942 14.168
 77    10.030 54912.15923764 25.52  95.457187  18.013642 14.168
 77     9.429 54912.15923828 24.19  95.456407  18.010342 14.168
 78    15.042 54947.15923490 16.03  95.461323  18.021532 11.706
 78    14.843 54947.15923555 17.29  95.460543  18.018232 11.706
 78    13.290 54947.15923619 20.29  95.459763  18.014932 11.706
 78    13.866 54947.15923684 20.86  95.458983  18.011632 11.706
 78    14.239 54947.15923748 24.63  95.458207  18.008327 18.101
 78    14.823 54947.15923813 21.69  95.457427  18.005027 18.101
 79    15.455 54982.15926086 16.66  95.460975  18.022483  8.836
 79    15.070 54982.15926151 17.65  95.460195  18.019183  8.836
 79    12.498 54982.15926215 22.85  95.459415  18.015883  8.836
 79    10.469 54982.15926280 24.67  95.458645  18.012583  8.836
 79    10.201 54982.15926344 25.67  95.457861  18.009280 16.759
 79    14.363 54982.15926408 23.15  95.457081  18.005980 16.759
 80    16.043 55017.15926099 16.92  95.462057  18.020633 18.740
 80    15.474 55017.15926163 18.78  95.461277  18.017333 18.740
 80    14.698 55017.15926228 19.15  95.460497  18.014033 18.740
 80    14.434 55017.15926292 19.74  95.459727  18.010733 18.740
 80    14.657 55017.15926357 21.56  95.458944  18.007429 25.827
 80    14.653 55017.15926421 22.92  95.458164  18.004129 25.827
 81    16.702 55052.15925616 15.21  95.462239  18.018230 14.392
 81    16.722 55052.15925680 15.78  95.461459  18.014930 14.392
 81    16.884 55052.15925745 15.20  95.460679  18.011630 14.392
 81    16.885 55052.15925809 16.36  95.459909  18.008330 14.392
 81    16.832 55052.15925874 15.64  95.459129  18.005030 14.392
 81    16.565 55052.15925938 15.50  95.458348  18.001724 28.627
 82    15.344 55087.15921934 27.48  95.460179  18.022684 25.954
 82    15.614 55087.15921999 28.11  95.459399  18.019384 25.954
 82    15.805 55087.15922063 28.82  95.458619  18.016084 25.954
 82    15.969 55087.15922128 33.09  95.457849  18.012784 25.954
 82    15.908 55087.15922192 37.00  95.457069  18.009484 25.954
 83    15.961 55122.15919218 34.80  95.462993  18.015542 16.908
 83    15.928 55122.15919282 36.86  95.462216  18.012239 21.253
 83    15.944 55122.15919346 40.59  95.461436  18.008939 21.253
 83    15.974 55122.15919411 41.99  95.460666  18.005639 21.253
 83    15.839 55122.15919475 46.39  95.459886  18.002339 21.253
 84    15.638 55157.15917997 17.80  95.460294  18.022258 24.497
 84    15.429 55157.15918062 16.72  95.459514  18.018958 24.497
 84    11.279 55157.15918126 18.80  95.458734  18.015658 24.497
 84    11.295 55157.15918191 26.23  95.457964  18.012358 24.497
 84    11.335 55157.15918255 22.71  95.457184  18.009058 24.497
 84    11.031 55157.15918320 22.00  95.456404  18.005752 28.035
 85    15.585 55192.15918112 14.95  95.462106  18.017348 13.812
 85    12.792 55192.15918177 15.54  95.461326  18.014048 13.812
 85    10.057 55192.15918241 15.29  95.460546  18.010748 13.812
 85    14.142 55192.15918306 17.29  95.459768  18.007445 15.320
 85    14.650 55192.15918370 16.98  95.458988  18.004145 15.320
 86     9.359 55227.15918138 50.65  95.460324  18.021719 27.471
 86     9.222 55227.15918203 48.86  95.459544  18.018419 27.471
 86     9.334 55227.15918267 50.65  95.458774  18.015119 27.471
 86     9.525 55227.15918331 42.53  95.457994  18.011819 27.471
 86     8.951 55227.15918396 34.56  95.457215  18.008515 25.508
 86     9.052 55227.15918460 45.45  95.456435  18.005215 25.508
 87     8.721 55262.15917645 32.22  95.462612  18.019345 23.002
 87     9.056 55262.15917709 32.50  95.461832  18.016045 23.002
 87     9.116 55262.15917774 42.36  95.461052  18.012745 23.002
 87     9.751 55262.15917838 41.29  95.460272  18.009445 23.002
 87     8.665 55262.15917903 29.72  95.459502  18.006145 23.002
 87     8.460 55262.15917967 29.16  95.458718  18.002840 26.836
 89    14.719 55332.15915529 14.92  95.460625  18.022602 11.706
 89    15.086 55332.15915593 14.54  95.459845  18.019302 11.706
 89    15.144 55332.15915658 16.58  95.459065  18.016002 11.706
 89    15.034 55332.15915722 17.97  95.458285  18.012702 11.706
 89    14.648 55332.15915787 18.69  95.457515  18.009402 11.706
 89    14.842 55332.15915851 18.26  95.456733  18.006098 14.057
 90    13.678 55367.15914842 29.80  95.461797  18.020227 25.313
 90    13.727 55367.15914906 30.48  95.461017  18.016927 25.313
 90    13.814 55367.15914971 31.62  95.460247  18.013627 25.313
 90    14.087 55367.15915035 40.63  95.459467  18.010327 25.313
 90    14.031 55367.15915100 42.47  95.458686  18.007023 23.349
 90    13.947 55367.15915164 46.48  95.457906  18.003723 23.349
 91    17.041 55402.15916264 17.59  95.462786  18.018182 20.553
 91    16.986 55402.15916328 17.26  95.462006  18.014882 20.553
 91    16.943 55402.15916392 17.89  95.461226  18.011582 20.553
 91    17.171 55402.15916457 17.50  95.460448  18.008277 22.127
 91    17.074 55402.15916521 16.88  95.459678  18.004977 22.127
 91    17.670 55402.15916586 17.08  95.458898  18.001677 22.127
 92    17.378 55437.15916603 21.02  95.462598  18.018166 24.076
 92    17.156 55437.15916667 19.91  95.461818  18.014866 24.076
 92    17.245 55437.15916732 19.64  95.461048  18.011566 24.076
 92    17.261 55437.15916796 19.60  95.460268  18.008266 24.076
 92    17.255 55437.15916861 20.56  95.459487  18.004961 27.295
 92    17.272 55437.15916925 21.91  95.458707  18.001661 27.295
 93    16.850 55472.15911618 18.90  95.460681  18.020254 20.324
 93    16.571 55472.15911683 17.18  95.459901  18.016954 20.324
 93    16.406 55472.15911747 18.21  95.459121  18.013654 20.324
 93    16.415 55472.15911812 19.30  95.458351  18.010354 20.324
 93    16.341 55472.15911876 19.15  95.457571  18.007054 20.324
 93    16.226 55472.15911941 19.68  95.456795  18.003749 29.785
