-122828.971    91.489     0.00    5.85
-122453.066    92.137     1.72    6.07
-122077.173    94.327     5.83    5.68
-121701.294    97.256     7.79    5.55
-121325.427    98.402     3.05    5.12
-120949.573    99.102     1.86    5.37
-120573.731    99.002    -0.27    5.96
-120197.902    95.637    -8.96    6.22
-119822.086    91.278   -11.60    8.14
-119446.283    86.791   -11.94    8.63
-119070.493    80.839   -15.84    6.29
-118694.715    76.802   -10.74    6.08
-118318.950    72.227   -12.18    6.20
-117943.197    67.113   -13.61    6.56
-117567.457    62.596   -12.02    6.17
-117191.730    57.742   -12.92    5.77
-116816.016    53.477   -11.35    5.28
-116440.314    49.177   -11.45    5.24
-116064.625    45.906    -8.71    4.68
-115688.949    44.089    -4.84    5.12
-115313.285    42.742    -3.59    5.17
-114937.635    43.181     1.17    5.52
-114561.996    44.502     3.52    6.68
-114186.371    47.327     7.52    6.44
-113810.758    49.304     5.26    5.35
-113435.158    50.020     1.91    4.85
-113059.570    48.994    -2.73    5.03
-112683.995    46.652    -6.24    5.33
-112308.433    45.943    -1.89    5.25
-111932.884    46.895     2.54    5.75
-111557.347    48.696     4.79    7.12
-111181.822    52.547    10.26    7.35
-110806.311    57.425    12.99    7.72
-110430.812    58.864     3.83    7.25
-110055.326    63.918    13.46    6.89
-109679.852    68.840    13.11    7.79
-109304.391    72.946    10.94    8.00
-108928.942    77.137    11.16    5.60
-108553.507    79.449     6.16    5.57
-108178.084    81.620     5.78    6.35
-107802.673    84.327     7.21    5.27
-107427.275    85.727     3.73    4.90
-107051.890    86.052     0.87    5.05
-106676.517    89.156     8.27    5.61
-106301.157    91.791     7.02    5.60
-105925.810    93.518     4.60    5.54
-105550.475    96.577     8.15    4.94
-105175.153    97.652     2.86    4.73
-104799.843    97.352    -0.80    4.99
-104424.546    94.351    -8.00    6.81
-104049.262    90.766    -9.55    6.66
-103673.990    86.571   -11.18    6.70
-103298.730    84.777    -4.78    7.19
-102923.484    82.352    -6.46    7.96
-102548.250    78.452   -10.39    7.35
-102173.028    74.470   -10.61    8.07
-101797.819    71.477    -7.98    7.24
-101422.623    71.839     0.97    7.76
-101047.439    75.375     9.42    6.98
-100672.268    78.994     9.65    5.47
-100297.109    80.732     4.63    4.79
 -99921.963    81.199     1.25    4.97
 -99546.829    81.756     1.48    4.78
 -99171.708    82.351     1.59    4.70
 -98796.600    81.727    -1.66    5.66
 -98421.504    83.002     3.40    7.29
 -98046.420    83.301     0.80    7.54
 -97671.350    82.399    -2.41    6.41
 -97296.291    81.052    -3.59    6.54
 -96921.246    77.375    -9.81    7.68
 -96546.212    74.474    -7.74    6.62
 -96171.192    71.225    -8.66    5.46
 -95796.183    68.780    -6.52    5.06
 -95421.188    66.590    -5.84    6.35
 -95046.205    61.791   -12.80    7.49
 -94671.234    56.652   -13.70    8.39
 -94296.276    52.864   -10.10    6.61
 -93921.330    50.571    -6.12    5.96
 -93546.397    51.474     2.41    7.15
 -93171.477    54.152     7.15    6.94
 -92796.569    55.522     3.65    7.33
 -92421.673    55.161    -0.97    7.81
 -92046.790    53.035    -5.67    8.24
 -91671.919    52.065    -2.59    7.73
 -91297.061    52.708     1.72    7.27
 -90922.216    56.511    10.15    7.99
 -90547.382    61.102    12.25    8.35
 -90172.562    64.252     8.40    7.44
 -89797.754    67.327     8.20    6.25
 -89422.958    71.156    10.22    5.92
 -89048.175    74.756     9.60    5.54
 -88673.404    78.113     8.96    4.05
 -88298.645    79.199     2.90    3.21
 -87923.900    78.305    -2.39    4.47
 -87549.166    75.156    -8.40    5.64
 -87174.445    72.278    -7.68    5.33
 -86799.737    71.059    -3.25    5.84
 -86425.041    70.994    -0.17    6.06
 -86050.357    70.714    -0.75    5.39
 -85675.686    70.276    -1.17    5.44
 -85301.027    69.977    -0.80    4.94
 -84926.381    71.010     2.76    5.04
 -84551.747    73.802     7.45    5.45
 -84177.126    75.723     5.13    5.81
 -83802.517    78.406     7.16    5.55
 -83427.920    80.477     5.53    5.49
 -83053.336    82.132     4.42    5.33
 -82678.764    84.644     6.71    6.22
 -82304.205    88.351     9.90    6.59
 -81929.658    92.045     9.86    6.66
 -81555.124    95.077     8.10    6.81
 -81180.602    97.686     6.97    7.30
 -80806.092   100.565     7.69    6.00
 -80429.802   102.571     5.33    3.87
 -80052.814   102.620     0.13    2.98
 -79675.838   101.108    -4.01    3.21
 -79298.875    98.777    -6.18    3.54
 -78921.925    97.127    -4.38    3.26
 -78544.987    95.278    -4.91    3.10
 -78168.062    92.852    -6.44    3.53
 -77791.149    91.108    -4.63    4.14
 -77414.249    88.602    -6.65    4.47
 -77037.361    86.156    -6.49    4.39
 -76660.486    84.225    -5.13    4.31
 -76283.624    82.042    -5.79    4.27
 -75906.774    79.815    -5.91    4.03
 -75529.936    78.732    -2.87    3.44
 -75153.111    77.752    -2.60    3.73
 -74776.299    76.669    -2.87    4.00
 -74399.499    74.420    -5.97    4.00
 -74022.712    72.815    -4.26    3.58
 -73645.937    72.522    -0.78    3.96
 -73269.175    71.864    -1.75    4.16
 -72892.425    71.196    -1.77    3.87
 -72515.688    70.305    -2.37    3.61
 -72138.963    70.577     0.72    3.70
 -71762.251    72.156     4.19    4.54
 -71385.551    74.376     5.89    4.28
 -71008.864    75.276     2.39    3.63
 -70632.189    74.555    -1.92    3.37
 -70255.527    73.532    -2.71    3.53
 -69878.877    71.727    -4.79    4.25
 -69502.240    69.693    -5.40    4.04
 -69125.615    66.943    -7.30    4.32
 -68749.003    64.803    -5.68    4.43
 -68372.403    62.722    -5.53    4.48
 -67995.816    60.527    -5.83    4.24
 -67619.241    57.766    -7.33    4.90
 -67242.678    56.010    -4.66    4.69
 -66866.128    54.376    -4.34    4.87
 -66489.591    54.117    -0.69    4.22
 -66113.066    53.927    -0.50    3.81
 -65736.553    53.452    -1.26    3.36
 -65360.053    53.132    -0.85    3.80
 -64983.566    52.083    -2.79    3.97
 -64607.090    51.449    -1.68    4.32
 -64230.628    49.635    -4.82    4.61
 -63854.177    48.452    -3.14    4.52
 -63477.739    46.717    -4.61    4.38
 -63101.314    45.303    -3.76    4.26
 -62724.901    44.827    -1.26    4.81
 -62348.500    42.815    -5.35    5.13
 -61972.112    40.775    -5.42    5.03
 -61595.736    38.202    -6.83    5.05
 -61219.373    36.427    -4.72    4.47
 -60843.022    35.498    -2.47    5.74
 -60466.684    34.108    -3.69    5.94
 -60090.358    32.552    -4.13    4.67
 -59714.044    30.446    -5.60    3.95
 -59337.743    28.917    -4.06    3.60
 -58961.454    27.181    -4.61    2.58
 -58585.177    26.156    -2.72    1.94
 -58208.913    25.756    -1.06    1.43
 -57832.662    25.565    -0.51    1.74
 -57456.422    25.814     0.66    1.94
 -57080.196    25.885     0.19    1.99
 -56703.981    25.766    -0.32    1.94
 -56327.779    25.449    -0.84    2.08
 -55951.589    25.303    -0.39    1.84
 -55575.412    25.038    -0.71    1.77
 -55199.247    25.234     0.52    1.67
 -54823.094    25.802     1.51    1.66
 -54446.954    25.875     0.19    1.55
 -54070.826    25.851    -0.06    1.38
 -53694.710    25.917     0.18    1.48
 -53318.607    25.470    -1.19    1.34
 -52942.516    25.686     0.57    1.35
 -52566.438    25.970     0.75    1.50
 -52190.372    26.327     0.95    1.89
 -51814.318    27.402     2.86    2.29
 -51438.276    28.474     2.85    2.31
 -51062.247    29.027     1.47    2.30
 -50686.231    28.522    -1.34    2.58
 -50310.226    27.227    -3.44    2.67
 -49934.234    26.132    -2.91    2.24
 -49558.254    25.577    -1.48    1.69
 -49182.287    25.400    -0.47    1.46
 -48806.332    25.303    -0.26    1.51
 -48430.389    24.946    -0.95    1.58
 -48054.458    24.902    -0.12    1.55
 -47678.540    24.708    -0.52    1.50
 -47302.634    24.961     0.67    1.88
 -46926.740    24.425    -1.43    1.89
 -46550.859    23.902    -1.39    1.96
 -46174.990    23.620    -0.75    1.74
 -45799.133    23.502    -0.31    1.60
 -45423.289    23.477    -0.07    1.83
 -45047.457    23.303    -0.46    1.91
 -44671.637    23.430     0.34    2.02
 -44295.829    24.208     2.07    2.50
 -43920.034    25.250     2.77    2.36
 -43544.251    26.684     3.82    2.64
 -43168.480    26.780     0.25    2.38
 -42792.722    26.777    -0.01    2.42
 -42416.976    25.827    -2.53    2.54
 -42041.242    25.143    -1.82    2.67
 -41665.520    24.257    -2.36    2.73
 -41289.811    23.377    -2.34    2.28
 -40914.114    22.961    -1.11    2.28
 -40538.429    22.399    -1.50    2.13
 -40162.756    21.789    -1.62    1.89
 -39787.096    21.161    -1.67    1.40
 -39411.448    20.994    -0.44    1.08
 -39035.812    21.089     0.25    0.98
 -38660.188    21.177     0.23    1.00
 -38284.577    21.377     0.53    1.01
 -37908.977    21.922     1.45    1.29
 -37533.390    22.577     1.74    1.35
 -37157.816    22.937     0.96    1.26
 -36782.253    22.937     0.00    1.45
 -36406.703    23.400     1.23    1.74
 -36031.165    23.652     0.67    1.64
 -35655.639    23.913     0.69    2.16
 -35280.125    24.230     0.84    2.30
 -34904.624    24.375     0.39    2.26
 -34529.135    24.052    -0.86    2.24
 -34153.658    23.518    -1.42    2.62
 -33778.193    22.202    -3.50    2.53
 -33402.740    21.254    -2.53    2.54
 -33027.300    20.602    -1.74    2.09
 -32651.871    20.400    -0.54    1.82
 -32276.455    19.852    -1.46    2.06
 -31901.051    19.502    -0.93    2.61
 -31525.660    18.875    -1.67    2.56
 -31150.280    18.404    -1.25    2.58
 -30774.913    17.732    -1.79    2.85
 -30399.558    16.763    -2.58    3.15
 -30024.215    15.875    -2.37    2.63
 -29648.884    14.637    -3.30    1.28
 -29273.565    14.477    -0.43    1.39
 -28898.258    14.304    -0.46    1.20
 -28522.964    14.432     0.34    1.31
 -28147.682    14.637     0.54    1.30
 -27772.412    14.727     0.24    1.35
 -27397.154    15.083     0.95    1.37
 -27021.908    15.661     1.54    1.90
 -26646.674    16.020     0.96    1.92
 -26271.453    16.494     1.26    1.68
 -25896.244    17.627     3.02    2.39
 -25521.046    19.494     4.98    2.99
 -25145.861    21.839     6.25    3.37
 -24770.688    24.877     8.10    4.04
 -24395.527    28.977    10.93    5.80
 -24020.379    33.737    12.69    6.15
 -23645.242    37.902    11.10    4.97
 -23270.118    41.494     9.57    3.70
 -22895.005    43.669     5.80    4.07
 -22519.905    44.875     3.22    5.55
 -22144.817    44.669    -0.55    6.93
 -21769.741    44.552    -0.31    7.12
 -21394.677    43.737    -2.17    6.46
 -21019.625    42.802    -2.49    4.88
 -20644.585    45.425     6.99    5.29
 -20269.558    48.127     7.21    5.35
 -19894.542    54.035    15.75    8.13
 -19519.539    60.455    17.12    9.49
 -19144.547    65.137    12.48    9.16
 -18769.568    71.840    17.88    8.55
 -18394.601    73.470     4.35    9.34
 -18019.645    71.970    -4.00    9.86
 -17644.702    75.302     8.89   10.61
 -17269.771    75.280    -0.06   12.76
 -16894.852    79.117    10.23   10.72
 -16519.945    79.565     1.20    9.86
 -16145.050    76.752    -7.50    9.62
 -15770.168    73.474    -8.75    9.69
 -15395.297    68.184   -14.11   10.40
 -15020.438    63.302   -13.03   10.26
 -14645.592    59.732    -9.52   10.88
 -14270.757    53.302   -17.16   10.56
 -13895.934    52.684    -1.65   11.75
 -13521.124    49.977    -7.22   12.81
 -13146.325    46.727    -8.67   11.04
 -12771.539    44.352    -6.34    9.88
 -12396.764    39.635   -12.59    8.14
 -12022.002    37.402    -5.96    6.62
 -11647.252    34.132    -8.73    6.71
 -11272.513    31.230    -7.75    6.21
 -10897.787    28.327    -7.75    5.98
 -10523.073    24.937    -9.05    6.71
 -10148.370    19.852   -13.57    6.41
  -9773.680    15.302   -12.15    5.17
  -9399.002    11.577    -9.94    4.09
  -9024.335     9.152    -6.47    3.06
  -8649.681     7.752    -3.74    2.70
  -8275.039     7.042    -1.90    2.16
  -7900.409     6.404    -1.70    1.77
  -7525.790     6.327    -0.21    1.50
  -7151.184     6.661     0.89    1.49
  -6776.590     6.613    -0.13    1.58
  -6402.007     6.596    -0.05    1.66
  -6027.437     6.449    -0.39    1.87
  -5652.878     7.589     3.04    2.40
  -5276.135     8.169     1.54    2.43
  -4899.190     7.613    -1.48    2.66
  -4522.256     6.677    -2.48    2.88
  -4145.334     5.351    -3.52    2.07
  -3768.425     4.518    -2.21    1.27
  -3391.527     4.173    -0.91    1.33
  -3014.642     4.137    -0.10    1.44
  -2637.769     4.250     0.30    1.55
  -2260.908     4.327     0.20    1.26
  -1884.059     4.527     0.53    1.36
  -1507.222     5.020     1.31    1.87
  -1130.397     5.498     1.27    2.06
   -753.585     4.430    -2.83    3.35
   -376.784     2.376    -5.45    3.74
      0.004     0.791    -4.21    2.87
    376.780     0.902     0.30    2.66
    753.545     0.777    -0.33    2.47
   1130.297     1.225     1.19    2.67
   1507.037     3.010     4.74    3.23
   1883.765     3.684     1.79    2.99
   2260.481     5.205     4.04    2.38
   2637.185     6.522     3.50    1.85
   3013.876     7.052     1.41    1.88
   3390.556     8.276     3.25    2.24
   3767.224     8.902     1.66    2.01
   4143.879     9.742     2.23    1.95
   4520.523    11.083     3.56    2.64
   4897.154    13.077     5.29    4.03
   5273.774    17.152    10.82    5.71
   5650.381    21.511    11.57    4.48
   6026.976    25.400    10.33    4.08
   6403.559    29.010     9.59    4.52
   6780.131    31.400     6.35    3.93
   7156.690    33.727     6.18    3.07
   7533.237    35.038     3.48    2.48
   7909.772    35.560     1.39    2.53
   8286.295    37.002     3.83    3.01
   8662.806    37.677     1.79    3.08
   9039.305    38.937     3.35    3.28
   9415.792    39.609     1.79    3.04
   9792.267    40.486     2.33    3.56
  10168.730    41.302     2.17    3.30
  10545.181    41.877     1.53    3.31
  10921.620    43.677     4.78    3.70
  11298.047    44.507     2.20    3.58
  11674.462    46.494     5.28    3.58
  12050.865    49.011     6.69    3.93
  12427.256    51.402     6.35    5.34
  12803.635    55.278    10.30    5.34
  13180.002    58.547     8.68    5.47
  13556.357    62.108     9.46    5.55
  13932.700    64.485     6.32    5.06
  14309.031    67.177     7.15    5.21
  14685.350    69.152     5.25    4.61
  15061.657    70.327     3.12    4.35
  15437.952    72.677     6.25    4.57
  15814.235    74.327     4.38    4.47
  16190.506    78.020     9.81    4.86
  16566.765    82.402    11.65    5.86
  16943.012    87.427    13.36    7.80
  17319.247    93.280    15.55    7.52
  17695.471    97.547    11.34    6.41
  18071.682   102.602    13.44    6.01
  18447.881   106.932    11.51    7.09
  18824.069   111.727    12.75    7.54
  19200.244   114.527     7.44    6.28
  19576.408   115.059     1.41    8.16
  19952.560   115.083     0.06    9.28
  20328.699   115.199     0.31   10.60
  20704.827   118.280     8.19   10.19
  21080.943   121.686     9.06    9.92
  21457.047   127.449    15.32    9.61
  21833.139   133.278    15.50    9.55
  22209.219   136.552     8.70    9.34
  22585.287   140.351    10.10    8.67
  22961.343   143.117     7.35    7.23
  23337.387   146.280     8.41    6.97
  23713.420   148.377     5.58    9.35
  24089.440   153.059    12.45   10.65
  24465.449   155.304     5.97   13.65
  24841.446   157.584     6.06   14.73
  25217.430   157.637     0.14   14.98
  25593.403   154.020    -9.62   11.98
  25969.364   151.425    -6.90    9.60
  26345.313   147.230   -11.16    8.85
  26721.251   143.250   -10.58    8.97
  27097.176   140.986    -6.02   10.43
  27473.089   137.225   -10.01   11.19
  27848.991   131.425   -15.43   11.15
  28224.881   127.571   -10.25   11.35
  28600.759   125.477    -5.57   10.57
  28976.625   126.352     2.33   10.79
  29352.479   128.379     5.39   10.51
  29728.321   127.302    -2.86   10.58
  30104.151   121.470   -15.52   12.45
  30479.970   115.277   -16.48   12.38
  30855.777   111.961    -8.82   10.72
  31231.571   112.927     2.57    9.19
  31607.354   118.877    15.83   11.07
  31983.126   126.763    20.99   10.26
  32358.885   130.888    10.98    6.73
  32734.632   129.596    -3.44    8.23
  33110.368   126.254    -8.89    9.24
  33486.092   123.402    -7.59    7.29
  33861.804   123.590     0.50    6.73
  34237.504   124.184     1.58    6.56
  34613.192   123.173    -2.69    7.57
  34988.869   117.702   -14.56    8.87
  35364.533   115.077    -6.99    7.43
  35740.186   116.071     2.64    7.53
  36115.827   122.805    17.93   10.94
  36491.457   130.891    21.53   10.77
  36867.074   136.132    13.95   10.40
  37242.680   141.702    14.83    8.65
  37618.274   146.627    13.11    8.60
  37993.856   151.653    13.38   10.66
  38369.426   156.169    12.03   11.17
  38744.984   163.027    18.26   13.09
  39120.531   170.669    20.35   10.28
  39496.066   177.498    18.18    9.82
  39871.589   180.717     8.57    7.85
  40247.100   177.455    -8.69    8.80
  40622.600   172.177   -14.06   11.45
  40998.088   164.071   -21.59    9.89
  41373.564   160.717    -8.93    8.24
  41749.028   160.152    -1.51    9.55
  42124.480   162.815     7.09   10.34
  42499.921   167.132    11.50    9.20
  42875.350   166.252    -2.34    9.37
  43250.767   163.302    -7.86   10.18
  43626.173   161.552    -4.66   10.36
  44001.566   156.888   -12.42   10.12
  44376.948   152.937   -10.53   10.47
  44752.319   148.470   -11.90   11.70
  45127.677   141.498   -18.57    9.61
  45503.024   135.302   -16.51    7.23
  45878.359   130.583   -12.57    5.71
  46253.682   127.156    -9.13    5.71
  46628.993   122.986   -11.11    7.08
  47004.293   117.010   -15.92    8.86
  47379.581   111.038   -15.91    7.58
  47754.858   106.759   -11.40    5.92
  48130.122   103.302    -9.21    4.07
  48505.375   101.702    -4.26    4.01
  48880.616    99.205    -6.65    3.97
  49255.846    97.430    -4.73    3.35
  49631.064    96.375    -2.81    2.58
  50006.270    95.985    -1.04    2.59
  50381.464    97.752     4.71    4.31
  50756.647   100.913     8.42    6.66
  51131.818   103.547     7.02    7.04
  51506.977   107.571    10.73    6.36
  51882.125   111.722    11.06    6.42
  52257.261   116.102    11.68    7.48
  52632.385   122.252    16.39    8.15
  53007.497   126.256    10.67    7.57
  53382.598   130.077    10.19    5.70
  53757.687   130.684     1.62    5.29
  54132.765   132.452     4.71    5.62
  54507.831   134.196     4.65    6.23
  54882.885   136.827     7.02    6.60
  55257.928   140.602    10.07    5.82
  55632.958   141.205     1.61    5.42
  56007.978   142.230     2.73    4.74
  56382.985   143.276     2.79    5.55
  56757.981   141.547    -4.61    6.59
  57132.965   139.276    -6.06    7.23
  57507.938   136.899    -6.34    6.71
  57882.899   133.620    -8.74    5.47
  58257.848   132.202    -3.78    4.52
  58632.786   129.922    -6.08    5.89
  59007.712   127.959    -5.24    6.27
  59382.626   125.827    -5.69    6.31
  59757.529   122.177    -9.74    5.58
  60132.420   119.589    -6.90    5.37
  60507.300   115.518   -10.86    6.02
  60882.168   112.686    -7.55    5.44
  61257.024   110.494    -5.85    5.01
  61631.869   109.481    -2.70    4.79
  62006.702   111.035     4.14    4.63
  62381.523   113.127     5.58    5.51
  62756.333   117.205    10.88    6.15
  63131.131   121.377    11.13    5.28
  63505.918   125.199    10.20    5.22
  63880.693   129.202    10.68    5.94
  64255.457   133.864    12.44    7.30
  64630.208   137.877    10.71    7.06
  65004.949   142.661    12.76    7.42
  65379.677   147.652    13.32    7.90
  65754.395   152.815    13.78    8.35
  66129.100   155.943     8.35    7.67
  66503.794   158.602     7.10    7.55
  66878.476   160.252     4.40    7.40
  67253.147   159.927    -0.87    6.75
  67627.807   157.422    -6.69    8.23
  68002.454   153.225   -11.20    8.51
  68377.090   146.899   -16.88    9.19
  68751.715   141.455   -14.53    7.90
  69126.328   136.280   -13.82    7.18
  69501.185   135.547    -1.95    7.50
  69878.103   137.552     5.32    9.31
  70255.010   140.560     7.98   10.27
  70631.905   144.590    10.69    9.25
  71008.788   142.684    -5.06    9.81
  71385.660   141.002    -4.46    7.91
  71762.520   141.986     2.61    6.40
  72139.368   140.630    -3.60    6.15
  72516.204   138.225    -6.38    8.43
  72893.029   132.449   -15.33    9.57
  73269.842   126.994   -14.48    7.34
  73646.644   124.961    -5.39    7.54
  74023.434   122.742    -5.89    6.20
  74400.212   121.404    -3.55    6.78
  74776.978   121.252    -0.40    6.90
  75153.733   120.430    -2.18    6.56
  75530.476   121.132     1.86    5.85
  75907.208   123.752     6.95    6.17
  76283.928   126.477     7.23    7.30
  76660.636   130.402    10.42    7.29
  77037.332   134.152     9.95    7.54
  77414.017   138.252    10.88    8.13
  77790.691   143.677    14.40    9.12
  78167.352   149.777    16.19    9.23
  78544.002   154.035    11.30    7.81
  78920.640   155.327     3.43    6.99
  79297.267   152.927    -6.37    7.99
  79673.882   150.250    -7.11    7.35
  80050.486   148.425    -4.85    7.46
  80427.078   146.035    -6.35    9.17
  80803.658   141.791   -11.27   10.90
  81180.226   133.108   -23.06   11.89
  81556.783   130.327    -7.38    9.67
  81933.329   132.885     6.79   10.50
  82309.862   137.425    12.06   10.04
  82686.385   139.302     4.99    9.37
  83062.895   134.065   -13.91   12.55
  83439.394   127.959   -16.22   12.64
  83815.881   122.922   -13.38    8.57
  84192.357   121.402    -4.04    6.44
  84568.821   124.254     7.57    6.87
  84945.274   128.375    10.95    8.64
  85321.715   132.917    12.07    9.66
  85698.144   138.399    14.56   10.19
  86074.562   145.045    17.66    9.93
  86450.968   149.132    10.86    7.74
  86827.363   151.277     5.70    7.89
  87203.746   149.789    -3.95    9.84
  87580.118   146.156    -9.65   10.33
  87956.478   139.199   -18.49   11.08
  88332.826   135.083   -10.94    9.03
  88709.163   134.278    -2.14    7.42
  89085.488   136.327     5.44    8.21
  89461.802   139.277     7.84    8.11
  89838.104   140.173     2.38    7.87
  90214.395   140.839     1.77    6.75
  90590.674   143.352     6.68    8.19
  90966.941   149.635    16.70   11.23
  91343.197   161.815    32.37   15.60
  91719.442   170.602    23.35   14.13
  92095.675   173.840     8.61   11.92
  92471.896   170.712    -8.31   12.92
  92848.106   163.425   -19.37   12.67
  93224.305   159.986    -9.14   10.24
  93600.491   158.571    -3.76    9.88
  93976.667   158.377    -0.52    8.28
  94352.830   157.038    -3.56    7.33
  94728.983   155.490    -4.11    6.71
  95105.124   153.913    -4.19    6.99
  95481.253   154.977     2.83    9.03
  95857.371   158.620     9.68    9.41
  96233.477   160.250     4.33    9.25
  96609.572   160.350     0.26    9.17
  96985.655   159.507    -2.24    6.95
  97361.727   161.902     6.37    7.94
  97737.787   166.035    10.99    9.17
  98113.836   172.763    17.89    8.22
  98489.873   179.042    16.70    9.04
  98865.899   187.532    22.58   10.86
  99241.913   194.527    18.60   11.47
  99617.916   200.327    15.42   12.31
  99993.907   203.752     9.11   12.05
 100369.887   206.278     6.72   10.67
 100745.856   211.511    13.92   11.77
 101121.813   221.552    26.71   18.59
 101497.758   236.377    39.43   23.93
 101873.692   251.132    39.25   25.89
 102249.615   266.602    41.15   31.87
 102625.526   267.669     2.84   33.13
 103001.426   267.376    -0.78   35.07
 103377.314   255.627   -31.25   36.34
 103753.191   239.327   -43.36   21.81
 104129.056   233.230   -16.22   15.83
 104504.910   229.277   -10.52   14.25
 104880.753   225.377   -10.38   12.42
 105256.584   223.590    -4.75   13.03
 105632.403   215.596   -21.27   12.66
 106008.212   210.227   -14.28   10.56
 106384.008   208.693    -4.08    7.81
 106759.794   209.027     0.89    6.92
 107135.568   212.379     8.92    9.29
 107511.330   220.708    22.17   17.68
 107887.081   228.814    21.57   19.82
 108262.821   233.937    13.63   20.06
 108638.549   237.877    10.49   16.82
 109014.266   239.777     5.06   15.31
 109389.972   245.577    15.44   18.04
 109765.666   254.301    23.22   16.19
 110141.348   257.927     9.65   13.04
 110517.020   263.766    15.54   11.14
 110892.679   267.717    10.52   12.51
 111268.328   272.422    12.52   12.44
 111643.965   276.507    10.87   11.89
 112019.591   281.937    14.46   14.32
 112395.205   294.693    33.96   21.86
 112770.808   315.303    54.87   34.89
 113146.400   335.302    53.24   30.86
 113521.980   347.943    33.65   25.54
 113897.549   358.752    28.78   18.81
 114273.106   365.202    17.17   16.07
 114648.653   371.702    17.31   14.83
 115024.187   382.402    28.49   14.46
 115399.711   390.727    22.17   13.44
 115775.223   400.717    26.60   16.21
 116150.724   414.276    36.10   15.58
 116526.213   423.425    24.36   14.22
 116901.691   431.225    20.77    9.23
 117277.158   433.717     6.64    8.67
 117652.613   436.425     7.21    8.71
 118028.057   439.864     9.16    8.43
 118403.490   442.864     7.99    7.95
 118778.911   443.406     1.44    8.02
 119154.321   442.327    -2.87   10.33
 119529.720   443.652     3.53    9.86
 119905.107   446.127     6.59   10.43
 120280.483   448.035     5.08   10.65
 120655.848   443.866   -11.11   14.65
 121031.201   439.637   -11.27   17.51
 121406.543   436.507    -8.34   17.32
 121781.874   432.602   -10.40   15.27
 122157.194   435.577     7.93   12.13
 122532.502   437.477     5.06    7.74
 122907.799   436.946    -1.41   10.16
 123283.084   437.669     1.93   12.09
 123658.358   438.620     2.53   18.72
 124033.621   433.127   -14.64   25.53
 124408.873   421.303   -31.51   34.53
 124784.114   399.377   -58.43   37.63
 125159.343   376.052   -62.16   26.12
 125534.561   362.986   -34.82   18.48
 125909.767   357.352   -15.01   16.66
 126284.962   359.127     4.73   19.52
 126660.146   366.644    20.03   20.99
 127035.319   367.652     2.69   17.11
 127410.481   369.977     6.20   14.46
 127785.631   366.827    -8.40   15.73
 128160.770   360.851   -15.93   17.25
 128535.898   352.752   -21.59   19.01
 128911.014   357.278    12.07   27.19
 129286.119   365.302    21.39   30.73
 129661.213   358.096   -19.21   38.20
 130036.296   333.232   -66.28   52.23
 130411.367   299.866   -88.95   44.18
 130786.427   276.352   -62.69   26.22
 131161.476   260.327   -42.72   10.86
 131536.514   253.502   -18.20    8.64
 131911.541   246.782   -17.92    6.47
 132286.556   241.511   -14.05    6.02
 132661.560   236.752   -12.69    5.84
 133036.553   232.864   -10.37    4.99
 133411.534   229.425    -9.17    4.53
 133786.505   227.132    -6.11    4.53
 134161.464   223.943    -8.51    5.31
 134536.412   221.377    -6.84    5.70
 134911.349   217.686    -9.84    5.83
 135286.274   214.002    -9.82    5.49
 135661.188   210.477    -9.40    4.78
 136036.092   207.661    -7.51    3.59
 136410.984   205.477    -5.82    3.39
 136785.864   204.943    -1.43    3.98
 137160.734   203.552    -3.71    4.41
 137535.592   201.943    -4.29    4.86
 137910.439   200.400    -4.11    4.01
 138285.275   200.352    -0.13    4.01
 138660.100   202.498     5.73    5.48
 139034.914   205.777     8.75    5.48
 139409.716   206.590     2.17    5.50
 139784.507   203.583    -8.02    6.28
 140159.287   200.427    -8.42    5.15
 140534.056   200.276    -0.40    3.78
 140908.814   203.083     7.49    5.21
 141283.561   206.481     9.07    5.33
 141658.296   209.970     9.31    4.85
 142033.020   213.661     9.85    5.78
 142407.733   216.952     8.78    6.44
 142782.435   220.571     9.66    5.78
 143157.126   224.156     9.57    5.23
 143531.806   228.474    11.52    5.06
 143906.474   232.196     9.93    5.10
 144281.132   235.352     8.42    5.48
 144656.483   239.302    10.52    5.85
 145033.360   243.815    11.97    6.31
 145410.227   249.252    14.43    7.88
 145787.082   255.352    16.18   10.16
 146163.926   261.840    17.22    9.14
 146540.758   267.402    14.76   10.79
 146917.580   271.827    11.74   11.59
 147294.390   274.352     6.70   15.03
 147671.189   277.877     9.36   17.83
 148047.976   280.010     5.66   19.94
 148424.753   280.030     0.05   18.66
 148801.518   280.202     0.46   15.43
 149178.272   274.400   -15.40   14.86
 149555.014   268.477   -15.72   16.66
 149931.746   258.302   -27.01   15.55
 150308.466   251.196   -18.86   10.16
 150685.175   250.446    -1.99    9.80
 151061.872   250.968     1.39    9.04
 151438.559   253.277     6.13    9.06
 151815.234   257.202    10.42    8.23
 152191.898   258.430     3.26    8.23
 152568.550   258.327    -0.27    8.30
 152945.192   255.609    -7.22    9.41
 153321.822   250.102   -14.62    9.68
 153698.441   245.627   -11.88    8.34
 154075.049   246.302     1.79   11.73
 154451.646   254.399    21.50   19.56
 154828.231   265.511    29.51   20.52
 155204.806   267.477     5.22   18.11
 155581.369   264.913    -6.81   16.22
 155957.921   260.839   -10.82   16.23
 156334.461   251.961   -23.58    6.71
 156710.991   247.906   -10.77    7.77
 157087.509   244.352    -9.44    8.43
 157464.016   239.627   -12.55    7.76
 157840.512   235.620   -10.64    6.74
 158216.997   230.877   -12.60    6.88
 158593.471   227.552    -8.83    5.14
 158969.933   224.250    -8.77    4.20
 159346.384   222.474    -4.72    3.68
 159722.824   221.577    -2.38    3.71
 160099.253   218.839    -7.27    4.26
 160475.671   216.977    -4.95    4.93
 160852.078   213.352    -9.63    5.29
 161228.473   210.679    -7.10    4.73
 161604.857   209.552    -2.99    5.28
 161981.230   210.132     1.54    6.67
 162357.592   211.852     4.57    7.77
 162733.943   210.977    -2.32    7.92
 163110.283   209.196    -4.73    6.78
 163486.612   207.446    -4.65    5.50
 163862.929   204.661    -7.40    5.00
 164239.235   203.277    -3.68    5.96
 164615.530   199.627    -9.70    6.04
 164991.814   196.122    -9.31    5.78
 165368.087   194.327    -4.77    5.01
 165744.349   192.404    -5.11    4.74
 166120.600   190.352    -5.45    5.09
 166496.839   189.352    -2.66    4.82
 166873.068   189.127    -0.60    5.32
 167249.285   188.494    -1.68    6.02
 167625.491   189.854     3.61    6.09
 168001.686   188.877    -2.59    4.96
 168377.870   187.827    -2.79    3.76
 168754.043   187.254    -1.52    4.42
 169130.205   186.400    -2.27    4.79
 169506.356   188.122     4.58    5.50
 169882.495   189.225     2.93    5.28
 170258.624   191.552     6.19    5.75
 170634.741   193.474     5.11    6.13
 171010.848   194.327     2.27    7.26
 171386.943   197.161     7.53    9.55
 171763.027   199.943     7.40   11.16
 172139.100   202.906     7.88   12.52
 172515.162   204.727     4.84   10.31
 172891.213   204.230    -1.32    8.42
 173267.253   205.852     4.31    7.21
 173643.282   206.902     2.79    5.91
 174019.300   208.117     3.23    5.49
 174395.306   207.351    -2.04    6.15
 174771.302   203.302   -10.77    7.63
 175147.287   201.571    -4.60    7.70
 175523.260   203.202     4.34    7.09
 175899.223   205.199     5.31    8.30
 176275.174   209.232    10.73    8.11
 176651.115   210.020     2.09    7.34
 177027.044   210.474     1.21    7.30
 177402.962   209.225    -3.32    6.89
 177778.870   207.077    -5.71    8.05
 178154.766   205.281    -4.78    9.44
 178530.651   202.801    -6.60    7.43
 178906.525   203.127     0.87    7.06
 179282.389   203.627     1.33    6.68
 179658.241   202.596    -2.74    5.51
 180034.082   201.303    -3.44    5.82
 180409.912   199.609    -4.51    5.60
 180785.731   196.427    -8.47    5.99
 181161.539   194.477    -5.19    5.77
 181537.336   194.108    -0.98    5.67
 181913.123   191.377    -7.27    5.94
 182288.898   191.552     0.47    5.97
 182664.662   191.927     1.00    6.91
 183040.415   190.866    -2.82    7.07
 183416.157   192.002     3.02    6.74
 183791.888   190.627    -3.66    6.95
 184167.608   191.376     1.99    7.25
 184543.317   192.059     1.82    6.13
 184919.016   190.959    -2.93    5.66
 185294.703   190.181    -2.07    5.18
 185670.379   187.943    -5.96    5.46
 186046.044   186.152    -4.77    6.22
 186421.699   184.669    -3.95    6.08
 186797.342   181.452    -8.56    7.16
 187172.974   179.375    -5.53    7.91
 187548.596   176.748    -6.99    7.27
 187924.206   174.522    -5.93    6.95
 188299.806   171.917    -6.94    6.66
 188675.394   168.827    -8.23    7.27
 189050.972   165.397    -9.13    7.13
 189426.538   161.558   -10.22    7.57
 189802.094   155.839   -15.23    7.93
 190177.639   150.827   -13.34    6.98
 190553.173   148.425    -6.40    6.10
 190928.695   145.352    -8.18    5.81
 191304.207   143.173    -5.80    6.24
 191679.708   138.852   -11.51    6.86
 192055.198   133.532   -14.17    7.14
 192430.678   128.474   -13.47    7.60
 192806.146   123.502   -13.24    6.92
 193181.603   118.727   -12.72    6.54
 193557.049   113.527   -13.85    6.24
 193932.485   108.968   -12.14    5.80
 194307.909   104.302   -12.43    5.58
 194683.323   100.477   -10.19    5.16
 195058.726    96.498   -10.60    5.89
 195434.118    92.108   -11.69    5.55
 195809.499    88.596    -9.36    5.76
 196184.869    85.502    -8.24    5.31
 196560.228    83.038    -6.56    4.63
 196935.576    82.257    -2.08    4.56
 197310.913    83.766     4.02    5.74
 197686.240    86.532     7.37    6.16
 198061.555    91.108    12.19    6.69
 198436.860    93.635     6.73    6.41
 198812.154    97.518    10.34    6.44
 199187.437   100.712     8.51    7.83
 199562.709   103.527     7.50    8.94
 199937.970   105.376     4.93    9.30
 200313.220   106.712     3.56    8.82
 200688.460   108.684     5.26    9.35
 201063.688   111.196     6.69    8.36
 201438.906   114.927     9.94    6.74
 201814.113   115.202     0.73    5.34
 202189.309   111.547    -9.74    6.22
 202564.494   107.652   -10.38    7.16
 202939.668   103.248   -11.74    7.24
 203314.832    99.763    -9.29    7.16
 203689.984    95.571   -11.17    7.76
 204065.126    93.052    -6.71    8.64
 204440.257    91.839    -3.23    8.96
 204815.377    88.602    -8.63    9.66
 205190.487    85.602    -8.00    9.00
 205565.585    83.511    -5.57    9.53
 205940.673    78.254   -14.01    9.63
 206315.749    71.669   -17.55    9.73
 206690.815    66.327   -14.24   10.79
 207065.870    60.327   -16.00   10.81
 207440.915    56.173   -11.07    9.12
 207815.948    49.899   -16.73   10.18
 208190.971    43.404   -17.32   11.71
 208565.983    34.888   -22.71   14.88
 208940.984    27.148   -20.64   11.16
 209315.974    23.652    -9.32    9.02
 209690.954    24.188     1.43    9.25
 210065.922    24.854     1.78   10.17
 210440.880    29.302    11.86   13.50
 210815.827    32.547     8.65   13.42
 211190.764    35.913     8.98   11.94
 211565.689    40.400    11.97    6.78
 211940.604    41.071     1.79    4.73
 212315.508    41.968     2.39    4.87
 212690.401    43.459     3.98    5.77
 213065.283    46.927     9.25    6.08
 213440.155    51.737    12.83    6.70
 213815.016    56.402    12.44    8.56
 214189.866    60.452    10.80    8.16
 214564.705    64.748    11.46    7.41
 214939.534    67.452     7.21    7.38
 215314.352    71.002     9.47    7.52
 215689.159    76.181    13.81    8.24
 216063.955    80.986    12.82    7.72
 216438.740    85.122    11.03    7.13
 216813.515    90.400    14.08    8.16
 217188.279    95.275    13.00    7.56
 217563.033   100.769    14.66    8.40
 217937.775   105.652    13.03    8.44
 218312.507   110.943    14.12    7.54
 218687.228   115.986    13.46    7.06
 219061.938   119.661     9.81    6.84
 219436.638   123.161     9.34    6.92
 219812.459   126.906     9.97    5.96
 220189.300   129.498     6.88    6.16
 220566.129   127.677    -4.83    8.47
 220942.948   122.404   -13.99   10.87
 221319.756   115.669   -17.87   10.05
 221696.553   107.300   -22.21    8.82
 222073.339   103.888    -9.05    9.23
 222450.115   104.077     0.50   10.97
 222826.879   104.558     1.28   11.32
 223203.633   105.102     1.44   10.03
 223580.376   104.902    -0.53    8.98
 223957.108   100.577   -11.48    9.42
 224333.829    95.727   -12.87    7.87
 224710.540    90.840   -12.97    8.16
 225087.239    87.937    -7.71    7.98
 225463.928    84.558    -8.97    8.69
 225840.606    80.102   -11.83    9.40
 226217.273    76.353    -9.95    9.81
 226593.929    75.327    -2.72    9.87
 226970.575    74.596    -1.94    9.22
 227347.210    74.302    -0.78    8.94
 227723.834    72.181    -5.63    8.12
 228100.447    67.840   -11.52    7.07
 228477.049    63.669   -11.07    6.15
 228853.641    59.205   -11.85    7.37
 229230.221    57.045    -5.74    7.43
 229606.791    52.756   -11.39    8.79
 229983.350    48.696   -10.78   10.59
 230359.899    46.137    -6.79   10.80
 230736.436    42.302   -10.18   10.82
 231112.963    39.230    -8.16   10.54
 231489.479    35.446   -10.05    8.93
 231865.985    30.481   -13.19    8.57
 232242.479    24.961   -14.66    8.91
 232618.963    20.059   -13.02    8.45
 232995.436    17.132    -7.77    7.52
 233371.898    15.577    -4.13    8.44
 233748.349    12.866    -7.20    8.61
 234124.790     9.127    -9.93   10.20
 234501.220     5.177   -10.49    9.19
 234877.639     4.254    -2.45   11.74
 235254.048     6.866     6.94   14.54
 235630.445    10.102     8.60   13.77
 236006.832    13.752     9.70   12.77
 236383.209    15.354     4.25   12.78
 236759.574    16.127     2.06   14.46
 237135.929    16.327     0.53   15.08
 237512.273     9.766   -17.43   16.07
 237888.606     1.522   -21.90   16.23
 238264.929    -6.784   -22.07   12.98
 238641.241   -14.795   -21.28   10.70
 239017.542   -17.980    -8.46    8.84
 239393.832   -19.373    -3.70   12.25
 239770.112   -22.673    -8.77   11.92
 240146.381   -21.798     2.33   14.15
 240522.639   -27.292   -14.60   10.45
 240898.887   -29.955    -7.08    7.06
 241275.124   -30.429    -1.26    6.73
 241651.350   -29.198     3.27   10.62
 242027.565   -27.123     5.51   13.52
 242403.770   -26.766     0.95   13.85
 242779.964   -27.357    -1.57   12.92
 243156.148   -25.873     3.94   14.24
 243532.320   -25.798     0.20   12.85
 243908.482   -25.673     0.33   12.15
 244284.634   -27.331    -4.41    9.37
 244660.774   -28.750    -3.77    8.27
 245036.904   -28.573     0.47    8.71
 245413.024   -29.248    -1.79    7.10
 245789.132   -31.014    -4.70    5.43
 246165.230   -31.973    -2.55    4.46
 246541.317   -33.621    -4.38    0.32
 246917.394   -33.442     0.48    1.44
 247293.460   -32.698     1.98    3.50
 247669.515   -30.498     5.85    5.82
 248045.560   -27.519     7.92    7.04
 248421.594   -24.898     6.97    6.85
 248797.617   -22.965     5.14    5.78
 249173.630   -21.312     4.40    3.63
 249549.632   -22.722    -3.75    4.96
 249925.624   -25.006    -6.08    5.73
 250301.604   -28.398    -9.02    5.84
 250677.574   -30.148    -4.65    5.57
 251053.534   -28.673     3.92    9.13
 251429.483   -22.482    16.46   12.48
 251805.421   -18.493    10.61   10.78
 252181.349   -17.039     3.87    8.15
 252557.266   -16.773     0.71    5.55
 252933.172   -16.073     1.86    7.76
 253309.068    -1.603    38.49   31.61
 253684.953    25.854    73.03   56.30
 254060.828    62.802    98.28   75.64
 254436.692   109.202   123.43   79.32
 254812.545   137.596    75.53   63.68
 255188.388   179.620   111.80   59.21
 255564.220   205.609    69.14   59.21
 255940.041   217.727    32.24   53.85
 256315.852   222.127    11.71   43.03
 256691.653   198.961   -61.63   51.52
 257067.442   170.045   -76.93   48.42
 257443.221   140.627   -78.27   43.78
 257818.990   109.377   -83.15   36.19
 258194.748    83.661   -68.43   35.00
 258570.495    61.877   -57.96   28.54
 258946.232    47.627   -37.92   19.88
 259321.959    40.577   -18.76   14.55
 259697.674    48.474    21.01   25.06
 260073.379    62.597    37.59   35.16
 260449.074    88.254    68.28   44.51
 260824.758   111.609    62.16   50.61
 261200.431   144.077    86.41   58.40
 261576.094   162.352    48.64   55.00
 261951.747   151.152   -29.81   59.39
 262327.388   127.470   -63.03   58.59
 262703.019   109.064   -48.99   45.82
 263078.640   111.644     6.87   43.52
 263454.250   130.199    49.39   38.97
 263829.850   153.474    61.96   43.08
 264205.439   180.827    72.82   43.69
 264581.017   196.045    40.51   45.15
 264956.585   194.766    -3.40   45.55
 265332.143   187.986   -18.05   51.44
 265707.690   181.303   -17.79   53.98
 266083.226   175.452   -15.58   58.18
 266458.752   155.752   -52.45   67.66
 266834.267   117.502  -101.84   70.51
 267209.772    98.250   -51.26   51.29
 267585.266   117.727    51.86   72.78
 267960.750   132.532    39.42   73.09
 268336.223   138.379    15.57   66.51
 268711.686   129.452   -23.77   54.43
 269087.138   132.071     6.97   40.13
 269462.580   162.677    81.51   57.78
 269838.012   207.927   120.51   69.45
 270213.432   253.027   120.11   59.20
 270588.843   291.839   103.37   43.05
 270964.242   313.199    56.89   39.40
 271339.632   320.937    20.61   33.32
 271715.010   316.071   -12.96   37.73
 272090.379   293.071   -61.26   60.89
 272465.737   247.002  -122.71   76.28
 272841.084   206.532  -107.80   71.34
 273216.421   167.913  -102.88   39.36
 273591.747   145.906   -58.62   18.72
 273967.063   138.708   -19.18   23.18
 274342.369   130.737   -21.23   27.98
 274717.664   132.986     5.99   27.47
 275092.948   131.177    -4.82   21.63
 275468.222   133.455     6.07   23.07
 275843.486   129.327   -11.00   27.30
 276218.739   111.459   -47.61   27.39
 276593.982    88.766   -60.46   20.41
 276969.214    73.927   -39.54   18.17
 277344.436    63.840   -26.88   15.84
 277719.647    54.227   -25.62   11.53
 278094.848    46.635   -20.23   10.84
 278470.039    39.177   -19.87   10.30
 278845.219    32.686   -17.30    9.27
 279220.389    26.571   -16.30    7.57
 279595.548    23.083    -9.30    7.37
 279970.697    21.127    -5.21    6.97
 280345.835    18.427    -7.20    7.47
 280720.963    16.880    -4.12    6.08
 281096.080    15.420    -3.89    4.81
 281471.187    14.132    -3.43    4.50
 281846.284    12.866    -3.38    4.71
 282221.370    12.827    -0.10    5.24
 282596.446    14.840     5.37    7.51
 282971.512    19.399    12.15    9.29
 283346.567    26.712    19.50    9.38
 283721.611    31.927    13.90    8.73
 284096.646    36.327    11.73    8.48
 284471.670    41.481    13.74    8.88
 284846.683    46.717    13.96    8.88
 285221.686    50.733    10.71    8.38
 285596.679    47.532    -8.53   11.42
 285971.661    45.027    -6.68   13.51
 286346.633    42.400    -7.00   12.15
 286721.594    42.327    -0.20   13.35
 287096.546    46.452    11.00   15.05
 287471.486    51.045    12.25   13.90
 287846.417    54.564     9.38   13.44
 288221.337    61.052    17.30   14.12
 288596.247    63.596     6.78   12.66
 288971.146    65.802     5.89   11.48
 289346.035    68.302     6.67   11.79
 289720.913    68.169    -0.35   10.41
 290095.782    72.613    11.85   11.55
 290470.639    79.276    17.77   12.38
 290845.487    88.827    25.48   12.74
 291220.324    99.802    29.27   12.17
 291595.151   106.507    17.88   10.28
 291969.968   110.100     9.58    8.83
 292344.774   112.661     6.83    6.98
 292719.569   112.477    -0.49    6.84
 293094.355   109.702    -7.40   10.75
 293469.130   106.083    -9.65   13.37
 293843.895   105.986    -0.26   14.44
 294218.649   108.117     5.69   14.59
 294593.394   111.327     8.57    9.88
 294969.664   110.002    -3.52    9.30
 295346.469   107.059    -7.81    8.70
 295723.263   100.552   -17.27   10.60
 296100.047    95.090   -14.49   13.20
 296476.821    88.071   -18.63   13.95
 296853.584    81.815   -16.60   11.76
 297230.336    79.552    -6.00    9.68
 297607.078    75.502   -10.75   10.79
 297983.810    73.502    -5.31   12.31
 298360.531    68.481   -13.33   14.33
 298737.242    64.489   -10.59   14.97
 299113.942    56.327   -21.66   16.22
 299490.632    48.352   -21.17   12.50
 299867.312    45.452    -7.70   12.33
 300243.981    44.502    -2.52   14.68
 300620.640    45.564     2.82   14.46
 300997.288    42.708    -7.58   11.56
 301373.926    41.602    -2.94   10.60
 301750.554    42.712     2.95   11.31
 302127.171    45.052     6.21   11.18
 302503.778    48.148     8.22   11.07
 302880.374    47.446    -1.86   10.72
 303256.960    42.276   -13.73   12.31
 303633.536    34.677   -20.17   16.15
 304010.101    25.002   -25.69   14.73
 304386.656    16.814   -21.74   13.27
 304763.201    11.613   -13.81   12.59
 305139.735     5.570   -16.04   14.03
 305516.259     2.558    -8.00   12.71
 305892.772     2.277    -0.75   12.22
 306269.275     9.577    19.39   19.85
 306645.768    19.152    25.43   20.01
 307022.250    30.643    30.52   16.68
 307398.722    38.045    19.66   13.62
 307775.184    42.002    10.51    8.93
 308151.635    44.020     5.36    6.81
 308528.076    40.763    -8.65    9.16
 308904.506    34.196   -17.44   10.78
 309280.927    25.712   -22.53   15.38
 309657.336    16.143   -25.42   14.83
 310033.736     6.010   -26.92   12.77
 310410.125    -1.380   -19.63   12.13
 310786.504    -1.288     0.24   13.18
 311162.873     2.302     9.54   14.73
 311539.231     0.737    -4.16   17.73
 311915.579    -3.125   -10.26   18.94
 312291.916   -12.770   -25.62   14.66
 312668.244   -17.673   -13.02   11.61
 313044.561   -21.429    -9.98    8.83
 313420.867   -24.120    -7.15    4.88
 313797.163   -25.768    -4.38    3.66
 314173.449   -26.237    -1.25    3.07
 314549.725   -26.873    -1.69    3.03
 314925.991   -27.648    -2.06    2.64
 315302.246   -27.468     0.48    3.45
 315678.490   -27.258     0.56    3.68
 316054.725   -25.570     4.49    5.24
 316430.949   -24.331     3.29    6.47
 316807.163   -21.775     6.79    6.80
 317183.367   -18.723     8.11    6.44
 317559.560   -16.748     5.25    5.38
 317935.743   -13.955     7.42    4.66
 318311.916   -10.173    10.05    7.67
 318688.078    -3.673    17.28   12.70
 319064.231     1.404    13.49   12.59
 319440.373     6.602    13.82   12.78
 319816.504     9.686     8.20   12.98
 320192.626    13.627    10.48    9.53
 320568.737    14.302     1.79    8.39
 320944.838    10.789    -9.34    9.48
 321320.928     7.717    -8.16    7.94
 321697.009     6.301    -3.77    8.55
 322073.079    11.522    13.88   10.08
 322449.139    17.609    16.18   10.82
 322825.188    23.839    16.56   11.93
 323201.228    29.602    15.32   11.21
 323577.257    31.943     6.22    8.65
 323953.276    29.994    -5.18   10.80
 324329.284    25.090   -13.04   13.40
 324705.283    18.693   -17.01   13.68
 325081.271    10.481   -21.84   12.79
 325457.249    11.669     3.16   20.85
 325833.217    19.256    20.18   37.06
 326209.174    33.096    36.81   46.94
 326585.122    56.352    61.85   58.73
 326961.059    75.148    49.99   50.14
 327336.985    76.254     2.94   45.24
 327712.902    59.627   -44.22   49.21
 328088.808    30.020   -78.75   42.85
 328464.705     3.052   -71.73   22.49
 328840.591   -10.278   -35.46    8.20
 329216.467   -13.473    -8.50    6.70
 329592.332   -14.083    -1.62    5.13
 329968.188   -13.898     0.49    5.60
 330344.033    -9.380    12.02   10.87
 330719.868     2.688    32.10   22.53
 331095.693    12.852    27.04   25.87
 331471.507    21.748    23.67   23.73
 331847.312    29.561    20.78   21.63
