-267418.832   122.758     0.00   21.00
-267043.229   121.579    -3.14   22.73
-266667.616   128.529    18.50   27.24
-266291.993   144.221    41.77   30.56
-265916.360   159.196    39.86   30.91
-265540.716   174.264    40.10   26.53
-265165.063   175.429     3.10   21.25
-264789.399   183.904    22.56   19.08
-264413.725   188.806    13.05   16.38
-264038.040   194.623    15.48   19.41
-263662.346   197.704     8.20   18.49
-263286.641   199.495     4.76   20.24
-262910.927   203.616    10.97   24.10
-262535.202   205.929     6.16   24.41
-262159.466   209.504     9.51   21.67
-261783.721   217.007    19.97   23.00
-261407.965   227.733    28.54   21.04
-261032.199   238.853    29.59   16.45
-260656.423   240.782     5.13   11.86
-260280.637   239.161    -4.31   10.42
-259904.840   233.779   -14.32   14.41
-259529.034   227.779   -15.96   13.25
-259153.217   227.279    -1.33   13.70
-258777.389   221.046   -16.58   13.21
-258401.552   217.221   -10.17   19.05
-258025.704   205.245   -31.86   26.09
-257649.846   190.429   -39.41   25.72
-257273.978   179.196   -29.88   17.33
-256898.100   176.165    -8.06   14.11
-256522.211   182.546    16.97   13.35
-256146.312   188.829    16.71   12.87
-255770.403   192.905    10.84   14.25
-255394.484   192.757    -0.39   12.17
-255018.554   189.635    -8.30   11.85
-254642.614   184.315   -14.15   12.15
-254266.664   179.315   -13.30   12.29
-253890.703   173.827   -14.60   12.43
-253514.733   171.229    -6.91   11.14
-253138.752   171.654     1.13   13.87
-252762.760   171.304    -0.93   16.06
-252386.759   173.404     5.58   15.03
-252010.747   173.195    -0.56   14.14
-251634.725   169.704    -9.28   16.28
-251258.693   171.479     4.72   19.97
-250882.650   168.604    -7.64   22.59
-250506.597   166.828    -4.72   22.22
-250130.534   161.774   -13.44   23.30
-249754.460   152.689   -24.15   19.94
-249378.377   150.187    -6.65   16.25
-249002.283   153.026     7.55   14.92
-248626.178   160.054    18.69   15.46
-248250.063   165.429    14.29   14.93
-247873.938   169.046     9.61   12.81
-247497.803   173.405    11.59   11.37
-247121.657   173.904     1.33   10.74
-246745.502   170.341    -9.47   11.77
-246369.335   165.001   -14.19   15.03
-245993.159   154.269   -28.52   17.33
-245616.972   144.642   -25.59   17.37
-245240.775   136.879   -20.63   15.41
-244864.567   132.029   -12.89   17.74
-244488.349   125.977   -16.09   18.08
-244112.121   118.179   -20.72   16.49
-243735.882   114.982    -8.50   13.19
-243359.634   116.854     4.97   13.70
-242983.374   124.329    19.87   13.66
-242607.105   135.104    28.63   15.14
-242230.825   144.754    25.64   16.62
-241854.535   147.329     6.84   15.92
-241478.234   148.187     2.28   15.78
-241101.923   146.685    -3.99   13.57
-240725.602   148.079     3.70   14.84
-240349.270   149.529     3.85   14.91
-239972.928   151.679     5.71   13.62
-239596.576   155.154     9.23   12.39
-239220.213   155.648     1.31    9.82
-238843.840   158.236     6.87   11.39
-238467.456   163.084    12.88   13.47
-238091.062   166.635     9.43   13.02
-237714.658   163.254    -8.98   17.12
-237338.244   154.059   -24.43   20.59
-236961.819   142.832   -29.82   18.94
-236585.383   134.059   -23.30   13.05
-236208.937   135.104     2.78   14.08
-235832.481   153.979    50.13   31.91
-235456.015   170.229    43.16   32.25
-235079.538   176.236    15.95   28.50
-234703.050   189.432    35.04   28.66
-234326.553   184.204   -13.88   27.24
-233950.044   181.304    -7.70   25.82
-233573.526   182.099     2.11   20.83
-233196.997   177.154   -13.13   14.06
-232820.457   172.518   -12.31   13.48
-232443.908   171.341    -3.13   13.76
-232067.347   168.315    -8.03   12.65
-231690.777   163.779   -12.04   13.62
-231314.196   160.905    -7.63   15.43
-230937.604   163.904     7.96   17.21
-230561.002   163.700    -0.54   17.84
-230184.390   164.195     1.31   17.83
-229807.767   166.269     5.51   18.30
-229431.134   158.318   -21.11   18.48
-229054.490   143.354   -39.72   25.86
-228677.836   121.579   -57.80   28.18
-228301.172   106.405   -40.28   18.66
-227924.497   100.951   -14.48   11.96
-227547.811   103.904     7.84   10.49
-227171.115   108.930    13.34   12.21
-226794.409   112.904    10.55   15.55
-226417.692   120.037    18.93   14.81
-226040.965   121.927     5.02   12.22
-225664.227   123.179     3.32   10.29
-225287.479   127.341    11.04   10.99
-224910.721   138.172    28.74   18.42
-224533.951   150.956    33.93   22.10
-224157.172   166.050    40.05   20.34
-223780.382   177.379    30.06   14.72
-223403.581   186.757    24.89   15.69
-223026.770   193.379    17.57   12.55
-222649.949   197.254    10.28   12.27
-222273.117   196.029    -3.25   13.14
-221898.019   186.879   -24.39   20.74
-221523.258   165.354   -57.43   28.19
-221148.487   156.729   -23.01   26.15
-220773.705   163.084    16.95   31.16
-220398.913   175.571    33.31   28.57
-220024.111   182.669    18.93   19.76
-219649.298   179.110    -9.49   18.26
-219274.475   173.341   -15.39   17.74
-218899.641   167.977   -14.31   18.23
-218524.797   168.367     1.04   17.17
-218149.943   168.179    -0.50   15.15
-217775.078   170.029     4.93   10.12
-217400.203   173.511     9.29   10.61
-217025.317   176.641     8.35    8.39
-216650.421   179.779     8.37    8.13
-216275.515   181.804     5.40    8.45
-215900.598   186.928    13.66   10.61
-215525.671   194.700    20.73   13.52
-215150.733   203.379    23.15   14.63
-214775.785   212.571    24.51   12.03
-214400.827   217.804    13.95    9.43
-214025.858   223.004    13.87    7.69
-213650.878   228.354    14.27   10.49
-213275.889   231.754     9.07    8.86
-212900.889   232.324     1.52   10.08
-212525.878   227.905   -11.78   11.20
-212150.857   220.179   -20.60   10.25
-211775.826   218.404    -4.73   10.09
-211400.784   218.629     0.60   11.30
-211025.731   217.579    -2.80   12.88
-210650.669   214.212    -8.98   13.15
-210275.595   209.095   -13.64   14.30
-209900.512   205.279   -10.17   12.52
-209525.417   202.538    -7.31   12.00
-209150.313   200.954    -4.22   12.06
-208775.198   198.154    -7.46   11.32
-208400.072   198.090    -0.17   10.75
-208024.936   199.355     3.37   11.13
-207649.790   202.495     8.37    8.93
-207274.633   201.635    -2.29    7.46
-206899.466   198.729    -7.75    8.67
-206524.288   194.648   -10.88    9.72
-206149.099   189.577   -13.52   11.42
-205773.901   182.958   -17.64   11.56
-205398.691   183.104     0.39   11.11
-205023.472   186.854     9.99   10.92
-204648.241   188.245     3.71   12.69
-204273.001   190.440     5.85   12.99
-203897.749   189.221    -3.25   11.67
-203522.488   192.254     8.08   10.89
-203147.215   199.054    18.12   11.03
-202771.933   204.367    14.15   10.03
-202396.639   209.654    14.09   11.59
-202021.336   209.954     0.80   13.16
-201646.021   212.571     6.97   12.87
-201270.697   213.248     1.80   12.40
-200895.361   212.679    -1.51    9.59
-200520.015   213.404     1.93    7.78
-200144.659   212.479    -2.46    7.67
-199769.292   210.304    -5.79    6.54
-199393.915   209.933    -0.99    6.17
-199018.527   207.830    -5.60    6.46
-198643.129   204.289    -9.43    5.69
-198267.720   202.416    -4.99    5.97
-197892.300   201.366    -2.79    5.22
-197516.870   201.054    -0.83    5.43
-197141.430   199.593    -3.89    5.09
-196765.978   198.142    -3.86    5.95
-196390.517   194.611    -9.40    8.06
-196015.045   190.754   -10.27    9.24
-195639.562   185.782   -13.24   10.40
-195264.068   181.546   -11.28    7.97
-194888.565   180.443    -2.94    6.43
-194513.050   182.454     5.35    6.10
-194137.525   185.562     8.28    4.68
-193761.990   185.538    -0.06    4.94
-193386.443   184.754    -2.09    4.64
-193010.887   184.110    -1.72    4.71
-192635.320   182.329    -4.74    6.16
-192259.742   178.221   -10.94    6.75
-191884.153   173.679   -12.09    5.98
-191508.554   169.529   -11.05    5.36
-191132.945   166.829    -7.19    4.76
-190757.324   164.465    -6.29    5.39
-190381.694   162.169    -6.11    4.80
-190006.052   160.304    -4.96    3.73
-189630.400   159.084    -3.25    4.60
-189254.738   157.279    -4.80    4.54
-188879.065   155.318    -5.22    4.29
-188503.381   153.700    -4.31    3.71
-188127.687   152.213    -3.96    3.60
-187751.982   150.623    -4.23    3.98
-187376.266   149.489    -3.02    4.09
-187000.540   147.546    -5.17    3.09
-186624.803   146.279    -3.37    3.56
-186249.056   143.808    -6.58    3.61
-185873.298   141.616    -5.83    3.88
-185497.529   139.635    -5.27    3.79
-185121.750   137.110    -6.72    3.49
-184745.960   135.416    -4.51    3.44
-184370.159   133.579    -4.89    3.09
-183994.348   131.982    -4.25    3.21
-183618.526   129.830    -5.72    3.78
-183242.694   127.754    -5.52    3.53
-182866.851   125.586    -5.77    3.50
-182490.997   124.779    -2.15    3.23
-182115.133   124.648    -0.35    3.47
-181739.258   123.779    -2.31    3.74
-181363.372   122.604    -3.13    3.76
-180987.475   120.579    -5.39    3.16
-180611.568   119.033    -4.11    2.94
-180235.651   119.004    -0.08    3.38
-179859.722   118.196    -2.15    4.09
-179483.783   116.604    -4.23    4.90
-179107.834   114.367    -5.95    4.79
-178731.873   112.597    -4.71    4.22
-178355.902   110.504    -5.57    4.19
-177979.921   109.611    -2.38    4.47
-177603.928   107.956    -4.40    4.71
-177227.925   106.974    -2.61    4.33
-176851.911   106.169    -2.14    4.24
-176475.887   105.046    -2.99    4.61
-176099.852   103.279    -4.70    4.90
-175723.806   101.079    -5.85    4.13
-175347.750    99.617    -3.89    3.81
-174971.682    98.169    -3.85    3.70
-174595.604    96.451    -4.57    4.37
-174219.516    94.597    -4.93    4.15
-173843.416    92.660    -5.15    4.39
-173467.306    90.629    -5.40    3.99
-173091.186    89.161    -3.90    3.63
-172715.054    87.586    -4.19    3.02
-172338.912    86.229    -3.61    1.99
-171962.759    85.294    -2.49    1.97
-171586.595    83.804    -3.96    2.30
-171210.421    82.879    -2.46    2.20
-170834.236    81.779    -2.92    2.02
-170458.040    80.904    -2.33    1.33
-170081.834    80.279    -1.66    1.53
-169705.616    79.495    -2.09    1.29
-169329.388    78.954    -1.44    1.46
-168953.149    78.660    -0.78    1.67
-168576.900    78.654    -0.01    2.36
-168200.640    78.367    -0.76    2.18
-167824.369    78.238    -0.34    2.41
-167448.087    78.379     0.37    2.62
-167071.794    78.123    -0.68    2.69
-166695.491    78.341     0.58    2.65
-166319.177    78.236    -0.28    2.62
-165942.852    78.238     0.00    2.49
-165566.517    78.245     0.02    2.75
-165190.170    77.354    -2.37    2.85
-164813.813    76.604    -1.99    2.81
-164437.445    75.403    -3.19    2.17
-164061.066    74.642    -2.02    1.79
-163684.677    74.355    -0.76    2.05
-163308.277    73.879    -1.26    2.35
-162931.866    73.611    -0.71    2.38
-162555.444    72.928    -1.81    2.65
-162179.011    72.161    -2.04    2.14
-161802.568    72.026    -0.36    2.20
-161426.114    72.123     0.26    2.53
-161049.649    72.538     1.10    2.47
-160673.173    72.354    -0.49    2.63
-160296.686    71.700    -1.74    2.46
-159920.189    71.779     0.21    2.17
-159543.681    71.033    -1.98    1.98
-159167.162    71.304     0.72    2.18
-158790.632    71.279    -0.07    2.07
-158414.091    70.704    -1.53    2.14
-158037.539    70.704     0.00    2.34
-157660.977    69.853    -2.26    2.10
-157284.404    69.704    -0.39    2.07
-156907.820    69.579    -0.33    2.10
-156531.225    68.979    -1.59    2.31
-156154.620    68.245    -1.95    2.18
-155778.003    67.827    -1.11    2.19
-155401.376    67.245    -1.54    2.07
-155024.738    66.725    -1.38    2.39
-154648.088    66.660    -0.17    2.79
-154271.429    66.054    -1.61    2.33
-153894.758    65.904    -0.40    2.08
-153518.076    65.784    -0.32    2.05
-153141.384    65.700    -0.22    1.90
-152764.681    65.489    -0.56    1.50
-152387.966    65.704     0.57    1.39
-152011.241    66.004     0.80    1.71
-151634.505    66.665     1.75    1.89
-151257.759    67.274     1.62    1.79
-150881.001    66.654    -1.64    2.26
-150504.233    66.654     0.00    3.41
-150127.453    66.050    -1.60    3.24
-149750.663    66.367     0.84    2.97
-149373.862    67.136     2.04    2.35
-148997.050    68.079     2.50    1.65
-148620.227    68.429     0.93    1.78
-148243.393    68.684     0.68    3.06
-147866.548    68.204    -1.27    3.41
-147489.692    67.059    -3.04    3.01
-147112.891    66.341    -1.91    1.60
-146738.185    66.751     1.09    1.64
-146363.468    66.879     0.34    1.77
-145988.741    66.579    -0.80    1.94
-145614.003    66.029    -1.47    2.05
-145239.254    64.830    -3.20    2.42
-144864.495    64.366    -1.24    2.33
-144489.725    63.538    -2.21    2.08
-144114.943    63.469    -0.18    2.01
-143740.151    64.054     1.56    2.09
-143365.349    65.196     3.05    2.47
-142990.535    66.779     4.22    2.32
-142615.711    67.665     2.36    2.42
-142240.876    68.642     2.61    1.82
-141866.030    69.379     1.97    1.77
-141491.173    69.392     0.03    1.80
-141116.306    69.611     0.58    1.92
-140741.427    70.318     1.89    2.12
-140366.538    70.648     0.88    2.58
-139991.638    71.074     1.14    2.27
-139616.727    71.169     0.25    1.68
-139241.805    72.123     2.55    2.23
-138866.873    72.855     1.95    2.34
-138491.930    73.604     2.00    2.64
-138116.975    74.129     1.40    2.60
-137742.010    73.721    -1.09    2.92
-137367.035    73.586    -0.36    2.73
-136992.048    72.804    -2.09    2.28
-136617.050    72.204    -1.60    1.82
-136242.042    72.001    -0.54    1.68
-135867.023    72.079     0.21    1.91
-135491.993    72.404     0.87    2.29
-135116.952    72.520     0.31    2.28
-134741.900    72.879     0.96    2.32
-134366.837    73.465     1.56    2.54
-133991.764    74.354     2.37    2.23
-133616.680    75.204     2.27    1.70
-133241.584    76.090     2.36    1.85
-132866.478    77.716     4.34    3.12
-132491.361    79.392     4.47    4.07
-132116.233    80.729     3.56    4.65
-131741.095    81.782     2.81    4.92
-131365.945    82.033     0.67    5.35
-130990.784    81.355    -1.81    5.20
-130615.613    80.405    -2.53    4.55
-130240.431    80.654     0.66    4.01
-129865.238    80.929     0.73    3.34
-129490.033    81.172     0.65    2.54
-129114.819    81.733     1.49    2.36
-128739.593    81.642    -0.24    2.05
-128364.356    82.418     2.07    2.75
-127989.108    83.329     2.43    3.05
-127613.850    83.604     0.73    3.14
-127238.580    84.204     1.60    2.72
-126863.300    84.929     1.93    2.64
-126488.008    85.289     0.96    2.47
-126112.706    85.353     0.17    1.39
-125737.393    85.679     0.87    1.24
-125362.069    86.029     0.93    1.31
-124986.734    86.829     2.13    1.71
-124611.388    88.004     3.13    1.98
-124236.031    89.084     2.88    1.98
-123860.663    89.879     2.12    2.06
-123485.284    90.623     1.98    1.97
-123109.894    91.635     2.70    2.39
-122734.493    92.904     3.38    2.57
-122359.082    94.079     3.13    3.03
-121983.659    94.974     2.38    3.10
-121608.226    95.827     2.27    3.05
-121232.781    96.806     2.61    3.36
-120857.326    97.879     2.86    3.73
-120481.859    99.172     3.44    4.33
-120106.382   100.809     4.36    4.68
-119730.894   101.520     1.89    4.06
-119355.394   103.391     4.98    4.31
-118979.884   105.660     6.04    4.78
-118604.363   107.830     5.78    4.68
-118228.830   109.379     4.12    4.30
-117853.287   108.329    -2.80    4.91
-117477.733   107.779    -1.46    5.31
-117102.168   107.161    -1.65    5.38
-116726.591   106.479    -1.82    3.99
-116351.004   106.429    -0.13    3.63
-115975.406   106.479     0.13    2.32
-115599.797   106.928     1.19    2.85
-115224.177   108.623     4.51    4.00
-114848.546   109.504     2.35    4.50
-114472.903   110.879     3.66    4.98
-114097.250   112.952     5.52    6.47
-113721.586   115.465     6.69    7.95
-113345.911   117.154     4.50    8.44
-112970.224   118.538     3.68    8.05
-112594.527   118.213    -0.87    7.12
-112218.819   118.298     0.23    5.85
-111843.099   119.879     4.21    4.84
-111467.369   121.366     3.96    4.51
-111091.628   124.465     8.24    3.65
-110715.875   125.669     3.20    3.09
-110340.112   126.974     3.47    3.64
-109964.337   129.304     6.20    3.47
-109588.552   130.245     2.50    4.29
-109212.755   132.404     5.75    4.66
-108836.948   133.648     3.31    4.35
-108461.129   133.391    -0.68    5.30
-108085.299   134.827     3.82    5.68
-107709.458   133.733    -2.91    5.81
-107333.607   134.147     1.10    5.14
-106957.744   135.579     3.81    4.63
-106581.870   137.854     6.05    5.14
-106205.985   141.853    10.64    5.57
-105830.088   147.001    13.70    7.00
-105454.181   152.660    15.05    7.75
-105078.263   156.379     9.89    7.63
-104702.334   160.757    11.65    5.95
-104326.393   163.679     7.77    5.21
-103950.442   166.879     8.51    4.78
-103574.479   169.059     5.80    4.41
-103198.505   171.952     7.70    4.84
-102822.521   174.757     7.46    4.54
-102446.525   176.099     3.57    4.29
-102070.518   177.354     3.34    4.27
-101694.500   178.195     2.24    4.63
-101318.471   177.391    -2.14    5.14
-100942.430   178.704     3.49    6.17
-100566.379   181.110     6.40    7.47
-100190.316   185.928    12.81    8.35
 -99814.243   189.802    10.30    7.01
 -99438.158   189.974     0.46    6.92
 -99062.062   191.930     5.20    7.44
 -98685.955   191.954     0.06    7.09
 -98309.837   194.318     6.28    7.30
 -97933.708   200.571    16.62    9.48
 -97557.567   209.355    23.35   12.22
 -97181.416   216.037    17.76   12.42
 -96805.253   223.204    19.05   13.22
 -96429.080   231.079    20.93   11.39
 -96052.895   236.679    14.89   10.56
 -95676.699   238.929     5.98   10.39
 -95300.491   240.905     5.25   11.59
 -94924.273   243.264     6.27   13.53
 -94548.043   246.629     8.94   14.85
 -94171.803   250.099     9.22   13.80
 -93795.551   254.629    12.04   11.94
 -93419.288   255.529     2.39   10.39
 -93043.014   253.700    -4.86   10.20
 -92666.728   249.879   -10.15   10.45
 -92290.432   245.754   -10.96    8.03
 -91914.124   245.708    -0.12    7.87
 -91537.805   247.804     5.57    8.64
 -91161.475   249.054     3.32   10.90
 -90785.134   244.879   -11.09   11.32
 -90408.782   244.808    -0.19    9.22
 -90032.418   245.172     0.97    7.56
 -89656.043   248.454     8.72    9.27
 -89279.657   252.979    12.02    9.84
 -88903.260   260.537    20.08   11.12
 -88526.852   263.970     9.12    9.26
 -88150.432   265.443     3.91    7.58
 -87774.002   263.079    -6.28    7.68
 -87397.560   259.586    -9.28    9.33
 -87021.106   255.854    -9.92    9.70
 -86644.642   249.712   -16.31    9.76
 -86268.166   243.725   -15.90    7.80
 -85891.680   242.429    -3.44    7.95
 -85515.182   242.879     1.20   10.33
 -85138.672   248.179    14.08   16.52
 -84762.152   269.022    55.35   41.21
 -84385.620   284.037    39.87   44.81
 -84009.077   306.379    59.33   44.17
 -83632.523   319.579    35.05   36.07
 -83255.957   316.660    -7.75   33.39
 -82879.381   313.654    -7.98   33.28
 -82502.793   296.195   -46.36   32.77
 -82126.194   283.495   -33.72   33.30
 -81749.583   273.513   -26.50   31.25
 -81372.962   267.979   -14.69   26.77
 -80996.329   273.733    15.28   29.66
 -80619.684   280.929    19.11   29.03
 -80243.029   294.828    36.90   35.51
 -79866.362   302.774    21.09   38.55
 -79489.684   307.391    12.26   46.46
 -79112.995   304.586    -7.45   55.72
 -78736.295   299.354   -13.89   63.22
 -78359.583   275.754   -62.64   54.00
 -77982.860   249.537   -69.59   26.48
 -77606.125   238.951   -28.10   19.46
 -77229.380   230.416   -22.65   15.59
 -76852.623   230.554     0.37   17.11
 -76475.855   232.929     6.30   19.93
 -76099.075   232.142    -2.09   20.46
 -75722.284   230.561    -4.20   20.14
 -75345.482   222.725   -20.79   20.95
 -74968.669   212.479   -27.19   19.67
 -74591.844   199.416   -34.67   12.11
 -74215.008   194.725   -12.45    7.65
 -73838.161   196.451     4.58    8.68
 -73461.302   197.674     3.25    9.56
 -73084.432   201.604    10.43   12.30
 -72707.551   203.904     6.10   15.93
 -72330.658   200.648    -8.64   11.45
 -71954.249   199.546    -2.93    8.07
 -71579.591   201.063     4.05    9.70
 -71204.922   203.329     6.05    9.56
 -70830.242   205.804     6.61    7.19
 -70455.551   210.513    12.57    8.79
 -70080.848   215.754    13.99    7.60
 -69706.134   219.928    11.14    7.76
 -69331.409   223.354     9.14    8.82
 -68956.673   226.629     8.74    8.69
 -68581.926   231.079    11.87    7.91
 -68207.167   234.660     9.55    7.66
 -67832.397   238.979    11.53    7.60
 -67457.616   248.269    24.79   14.56
 -67082.824   263.300    40.10   23.53
 -66708.020   281.832    49.44   27.29
 -66333.206   291.033    24.55   20.25
 -65958.380   290.391    -1.71   18.67
 -65583.543   290.379    -0.03   18.50
 -65208.694   282.579   -20.81   21.23
 -64833.835   268.689   -37.05   24.68
 -64458.964   262.248   -17.18   26.65
 -64084.082   261.074    -3.13   26.57
 -63709.188   268.429    19.62   33.42
 -63334.284   288.074    52.40   36.86
 -62959.368   308.181    53.63   29.94
 -62584.441   317.392    24.57   23.69
 -62209.502   314.391    -8.00   23.33
 -61834.553   305.654   -23.30   24.65
 -61459.592   296.855   -23.47   23.17
 -61084.620   297.635     2.08   28.47
 -60709.637   312.679    40.12   42.76
 -60334.642   337.129    65.20   50.42
 -59959.636   353.432    43.47   49.46
 -59584.619   356.229     7.46   51.96
 -59209.590   347.204   -24.06   43.94
 -58834.551   343.623    -9.55   30.90
 -58459.500   371.546    74.45   47.95
 -58084.437   408.904    99.60   56.96
 -57709.364   446.700   100.76   52.89
 -57334.279   461.264    38.83   34.54
 -56959.183   454.952   -16.83   36.71
 -56584.075   437.367   -46.88   40.55
 -56208.957   424.001   -35.63   40.22
 -55833.827   411.379   -33.65   37.66
 -55458.685   400.932   -27.85   31.96
 -55083.533   404.212     8.74   22.81
 -54708.369   411.059    18.25   21.06
 -54333.193   431.154    53.56   26.27
 -53958.007   459.604    75.83   32.11
 -53582.809   484.110    65.31   30.05
 -53207.600   510.652    70.74   29.87
 -52832.379   537.520    71.60   29.14
 -52457.147   565.129    73.58   43.35
 -52081.904   599.329    91.14   47.88
 -51706.649   625.879    70.75   49.97
 -51331.384   657.165    83.37   47.75
 -50956.106   689.379    85.84   51.03
 -50580.818   716.154    71.34   61.94
 -50205.518   751.654    94.59   78.73
 -49830.207   788.294    97.62   91.78
 -49454.884   818.952    81.68  112.79
 -49079.550   856.213    99.27  125.16
 -48704.205   857.033     2.19  124.93
 -48328.848   853.623    -9.09  124.16
 -47953.480   838.854   -39.34  108.93
 -47578.101   796.379  -113.15   96.52
 -47202.710   754.221  -112.30   93.01
 -46827.308   692.294  -164.96   91.25
 -46451.895   621.458  -188.68   72.71
 -46076.470   576.579  -119.54   68.22
 -45701.034   529.418  -125.61   53.59
 -45325.586   487.429  -111.83   50.63
 -44950.127   455.099   -86.11   44.77
 -44574.657   426.700   -75.63   31.21
 -44199.175   408.403   -48.73   21.71
 -43823.682   396.110   -32.74   18.06
 -43448.177   388.530   -20.18   15.27
 -43072.661   381.604   -18.44    9.71
 -42697.134   373.679   -21.10    7.12
 -42321.595   370.806    -7.65    6.11
 -41946.045   369.169    -4.36    7.46
 -41570.484   367.832    -3.56    8.23
 -41194.911   366.979    -2.27    8.62
 -40819.326   364.343    -7.02    7.99
 -40443.731   361.129    -8.56    6.95
 -40068.123   356.546   -12.20    8.51
 -39692.505   351.367   -13.79    8.27
 -39316.875   343.563   -20.77   10.37
 -38941.233   330.147   -35.71   20.08
 -38565.580   315.147   -39.93   22.42
 -38189.916   301.079   -37.45   17.42
 -37814.240   292.004   -24.16    8.20
 -37438.553   291.828    -0.47    8.09
 -37062.855   294.179     6.26    8.26
 -36687.144   295.489     3.49    6.92
 -36311.423   295.604     0.31    6.58
 -35935.690   291.928    -9.78    6.44
 -35559.946   288.304    -9.64    6.37
 -35184.190   283.604   -12.51    6.31
 -34808.422   278.495   -13.60    7.68
 -34432.643   275.513    -7.93    6.19
 -34056.853   276.026     1.36    6.00
 -33681.051   278.245     5.91    6.51
 -33305.238   280.404     5.75    6.81
 -32929.414   281.353     2.52    6.15
 -32553.577   280.403    -2.53    5.78
 -32177.730   280.187    -0.57    5.76
 -31801.871   280.279     0.25    6.92
 -31426.000   279.729    -1.46    7.29
 -31050.118   277.495    -5.94    8.38
 -30674.224   272.084   -14.39    9.42
 -30298.319   268.495    -9.55    6.95
 -29922.403   267.654    -2.24    7.60
 -29546.475   267.179    -1.26    8.35
 -29170.535   266.229    -2.53    8.49
 -28794.584   260.760   -14.55    9.01
 -28418.621   254.984   -15.36    8.07
 -28042.647   250.479   -11.98    8.53
 -27666.662   245.704   -12.70    7.69
 -27290.665   243.343    -6.28    7.56
 -26914.656   240.928    -6.42    8.50
 -26538.636   239.161    -4.70    8.74
 -26162.604   233.700   -14.52   10.36
 -25786.561   226.654   -18.74   10.09
 -25410.506   222.808   -10.23    9.39
 -25034.440   219.254    -9.45    8.32
 -24658.362   220.879     4.32    9.19
 -24282.273   223.982     8.25    7.69
 -23906.172   226.590     6.93    6.98
 -23530.060   229.054     6.55    7.37
 -23153.936   230.354     3.46    6.97
 -22777.800   233.754     9.04    7.52
 -22401.653   236.513     7.34    8.30
 -22025.494   239.116     6.92    8.56
 -21649.324   243.562    11.82    7.10
 -21273.142   247.905    11.54    6.64
 -20896.949   252.304    11.69    7.87
 -20520.744   256.465    11.06    7.98
 -20144.528   260.029     9.47    7.33
 -19768.300   264.332    11.44    7.32
 -19392.060   268.879    12.09    7.78
 -19015.809   273.660    12.71    7.71
 -18639.546   278.704    13.41    6.97
 -18263.272   280.829     5.65    5.33
 -17886.986   278.298    -6.73    7.21
 -17510.688   272.932   -14.26    8.27
 -17134.379   265.974   -18.49    8.54
 -16758.058   258.104   -20.91    8.25
 -16381.726   252.879   -13.88    8.08
 -16005.382   246.832   -16.07    6.98
 -15629.027   241.905   -13.09    6.36
 -15252.660   237.245   -12.38    6.80
 -14876.281   232.165   -13.50    7.12
 -14499.890   227.367   -12.75    8.27
 -14123.488   221.050   -16.78    7.92
 -13747.075   215.329   -15.20    8.29
 -13370.650   208.979   -16.87    8.51
 -12994.213   202.289   -17.77    8.00
 -12617.764   195.304   -18.56    8.52
 -12241.304   187.604   -20.45    7.45
 -11864.833   181.554   -16.07    8.14
 -11488.349   174.586   -18.51    8.21
 -11111.854   167.904   -17.75    8.59
 -10735.348   161.029   -18.26    9.63
 -10358.829   153.304   -20.52   10.58
  -9982.299   144.829   -22.51   10.71
  -9605.758   135.635   -24.42   11.17
  -9229.204   126.733   -23.64   10.96
  -8852.640   116.660   -26.75   10.95
  -8476.063   108.059   -22.84   11.44
  -8099.475    98.213   -26.15   10.89
  -7722.875    88.245   -26.47   11.07
  -7346.263    79.513   -23.18   10.66
  -6969.640    68.974   -27.98   11.05
  -6593.005    60.221   -23.24    9.68
  -6216.359    51.298   -23.69    9.93
  -5839.700    41.579   -25.80   10.14
  -5463.030    32.779   -23.36   10.48
  -5086.349    20.660   -32.17   13.54
  -4709.655    11.116   -25.34   11.86
  -4332.950     4.689   -17.06    9.37
  -3956.234    -0.571   -13.96    4.61
  -3579.505    -2.023    -3.86    0.37
  -3202.765    -1.240     2.08    1.97
  -2826.013    -0.505     1.95    2.41
  -2449.250     0.689     3.17    2.96
  -2072.475     1.984     3.44    3.24
  -1695.688     1.708    -0.73    3.23
  -1318.889     0.354    -3.59    2.75
   -942.079    -0.671    -2.72    2.24
   -565.257    -0.846    -0.46    2.81
   -188.423     1.116     5.21    5.68
    188.423     3.172     5.46    6.55
    565.280     4.782     4.27    6.39
    942.149     5.879     2.91    5.14
   1319.030     6.929     2.79    3.65
   1695.922     8.059     3.00    2.68
   2072.827     9.586     4.05    2.99
   2449.742    11.708     5.63    3.43
   2826.670    14.104     6.36    3.13
   3202.672    16.489     6.34    2.52
   3577.291    17.929     3.84    2.17
   3951.921    19.804     5.00    3.38
   4326.563    21.623     4.85    4.47
   4701.216    23.586     5.24    4.63
   5075.881    25.196     4.30    4.14
   5450.558    26.538     3.58    3.81
   5825.246    28.204     4.45    3.64
   6199.946    31.090     7.70    3.47
   6574.658    32.530     3.84    3.29
   6949.381    34.315     4.76    3.50
   7324.116    36.026     4.56    3.49
   7698.862    37.954     5.15    3.19
   8073.620    39.982     5.41    3.47
   8448.390    42.606     7.00    4.31
   8823.171    46.063     9.22    5.01
   9197.964    49.729     9.78    5.55
   9572.769    53.806    10.88    5.56
   9947.585    56.294     6.64    5.44
  10322.413    59.189     7.72    4.14
  10697.253    60.802     4.30    4.07
  11072.104    62.611     4.82    4.76
  11446.967    65.416     7.48    5.74
  11821.842    67.733     6.18    6.21
  12196.728    71.129     9.06    8.07
  12571.626    74.404     8.74    8.22
  12946.535    78.465    10.83   12.83
  13321.456    83.554    13.58   16.28
  13696.389    88.829    14.07   17.37
  14071.334    92.004     8.47   17.61
  14446.290    95.479     9.27   21.47
  14821.258    91.343   -11.03   20.23
  15196.238    85.611   -15.29   17.82
  15571.229    79.054   -17.49   13.39
  15946.232    76.213    -7.58   11.90
  16321.247    75.926    -0.76    8.75
  16696.273    77.318     3.71    8.69
  17071.312    81.004     9.83    8.12
  17446.361    81.379     1.00    7.10
  17821.423    78.084    -8.78    7.19
  18196.496    75.447    -7.03    7.38
  18571.581    73.956    -3.98    7.40
  18946.678    79.279    14.19   15.08
  19321.786    95.123    42.24   23.48
  19696.906   115.264    53.69   30.00
  20072.038   131.461    43.18   27.90
  20447.182   137.563    16.27   25.30
  20822.337   127.529   -26.75   31.79
  21197.504   117.879   -25.72   31.32
  21572.683   120.050     5.79   29.26
  21947.874   125.074    13.39   28.61
  22323.076   131.982    18.41   24.00
  22698.290   119.648   -32.87   21.47
  23073.516   108.954   -28.50   19.02
  23448.753   103.440   -14.69   15.12
  23824.003   101.029    -6.43   11.48
  24199.264   112.123    29.56   23.50
  24574.536   132.465    54.21   40.47
  24949.821   159.779    72.79   66.35
  25325.117   166.754    18.59   74.51
  25700.425   162.904   -10.26   73.58
  26075.745   157.465   -14.49   68.50
  26451.077   140.879   -44.19   43.83
  26826.420   129.343   -30.74   16.00
  27201.776   127.416    -5.13   16.39
  27577.143   122.725   -12.50   17.30
  27952.521   117.546   -13.80   12.69
  28327.912   113.026   -12.04    8.79
  28703.314   111.679    -3.59    9.03
  29078.728   113.221     4.11    7.90
  29454.154   112.932    -0.77    7.00
  29829.592   110.112    -7.51    7.91
  30205.042   105.179   -13.14    8.80
  30580.503   101.733    -9.18    8.89
  30955.976   103.617     5.02   13.58
  31331.461   106.777     8.41   14.63
  31706.958   107.403     1.67   13.00
  32082.467   106.059    -3.58   12.26
  32457.987    99.854   -16.52   10.35
  32833.519    96.050   -10.13    7.36
  33209.063    95.079    -2.58    6.09
  33584.619    93.074    -5.34    5.81
  33960.187    91.853    -3.25    6.24
  34335.767    88.635    -8.57    5.79
  34711.358    87.804    -2.21    4.73
  35086.962    89.172     3.64    4.64
  35462.577    88.954    -0.58    4.71
  35838.204    89.332     1.00    5.12
  36213.842    87.147    -5.81    5.16
  36589.493    84.629    -6.70    5.28
  36965.156    83.179    -3.86    5.00
  37340.830    79.977    -8.52    4.07
  37716.516    78.229    -4.65    3.07
  38092.214    79.196     2.57    4.10
  38467.924    81.354     5.74    5.80
  38843.646    84.147     7.43    4.93
  39219.380    84.779     1.68    4.84
  39595.126    85.229     1.20    5.06
  39970.883    86.951     4.58    4.73
  40346.653    89.213     6.02    5.24
  40722.434    93.165    10.52    5.59
  41098.227    97.110    10.50    5.40
  41474.032   100.641     9.40    6.19
  41849.849   103.903     8.68    4.63
  42225.678   105.104     3.20    3.82
  42601.519   103.809    -3.45    4.55
  42977.371   102.142    -4.44    5.00
  43353.236   100.022    -5.64    4.91
  43729.112    96.804    -8.56    4.25
  44105.001    95.367    -3.82    4.83
  44480.901    93.974    -3.70    5.66
  44856.813    94.033     0.16    5.73
  45232.737    93.617    -1.11    5.45
  45608.673    93.196    -1.12    5.37
  45984.621    92.318    -2.34    5.16
  46360.581    89.952    -6.29    5.01
  46736.553    88.629    -3.52    4.57
  47112.537    87.879    -1.99    5.03
  47488.533    86.011    -4.97    5.79
  47864.540    84.684    -3.53    5.46
  48240.560    82.465    -5.90    5.24
  48616.592    78.454   -10.67    5.90
  48992.635    73.629   -12.83    5.36
  49368.691    70.289    -8.88    5.01
  49744.758    67.648    -7.02    4.34
  50120.837    65.229    -6.43    3.86
  50496.929    63.074    -5.73    4.17
  50873.032    59.391    -9.79    5.53
  51249.147    55.779    -9.60    5.81
  51625.275    53.054    -7.25    4.50
  52001.414    51.748    -3.47    3.95
  52377.565    53.391     4.37    4.64
  52753.728    54.757     3.63    3.82
  53129.904    54.635    -0.32    3.21
  53506.091    51.729    -7.73    5.54
  53882.290    47.958   -10.02    5.84
  54258.501    45.554    -6.39    4.82
  54634.724    45.930     1.00    6.29
  55010.959    49.294     8.94    7.40
  55387.206    55.782    17.24    9.01
  55763.466    60.033    11.30    8.61
  56139.737    64.743    12.52    7.36
  56516.020    67.084     6.22    4.86
  56892.315    67.229     0.39    4.19
  57268.622    66.129    -2.92    4.60
  57644.942    65.429    -1.86    5.28
  58021.273    66.414     2.62    5.42
  58397.616    68.274     4.94    5.45
  58773.971    66.979    -3.44    4.83
  59150.339    66.245    -1.95    4.50
  59526.718    66.586     0.91    4.12
  59903.109    66.489    -0.26    4.09
  60279.513    67.187     1.85    4.42
  60655.928    66.454    -1.95    4.84
  61032.356    64.654    -4.78    4.32
  61408.795    62.440    -5.88    4.66
  61785.247    60.440    -5.31    4.83
  62161.711    59.977    -1.23    4.39
  62538.186    59.679    -0.79    4.84
  62914.674    61.136     3.87    5.15
  63291.174    61.779     1.71    4.65
  63667.686    62.318     1.43    4.94
  64044.210    64.221     5.05    5.40
  64420.746    65.172     2.53    5.38
  64797.294    65.484     0.83    4.87
  65173.854    66.129     1.71    4.23
  65550.427    66.829     1.86    4.13
  65927.011    68.489     4.41    3.99
  66303.608    70.221     4.60    4.47
  66680.216    71.879     4.40    4.35
  67056.837    74.117     5.94    4.02
  67433.470    75.674     4.13    4.32
  67810.115    77.879     5.85    5.57
  68186.772    81.294     9.07    7.19
  68563.441    84.204     7.73    5.73
  68940.122    85.713     4.00    5.14
  69316.815    86.853     3.03    4.91
  69693.520    86.670    -0.49    6.30
  70070.238    85.904    -2.03    7.27
  70446.968    85.554    -0.93    7.18
  70823.709    87.786     5.92    6.92
  71200.463    90.116     6.18    6.82
  71577.229    92.546     6.45    5.62
  71954.008    94.004     3.87    4.68
  72330.798    92.708    -3.44    4.68
  72707.600    90.117    -6.88    5.27
  73084.415    86.828    -8.73    5.49
  73461.242    83.927    -7.70    4.14
  73838.080    84.329     1.07    4.33
  74214.931    87.074     7.28    5.72
  74591.795    90.440     8.93    6.55
  74968.670    95.479    13.37    6.38
  75345.557    98.879     9.02    5.51
  75722.457   104.674    15.38   10.35
  76099.369   116.513    31.41   17.94
  76476.293   127.294    28.60   16.53
  76853.229   129.855     6.79   14.41
  77230.177   122.954   -18.31   19.02
  77607.138   113.204   -25.87   17.46
  77984.111   109.465    -9.92   13.55
  78359.686   113.269    10.13   17.12
  78734.259   124.782    30.74   26.13
  79108.844   147.001    59.32   37.99
  79483.440   169.254    59.41   44.26
  79858.049   177.754    22.69   37.58
  80232.670   165.571   -32.52   40.46
  80607.303   145.343   -54.00   41.21
  80981.948   121.806   -62.83   24.41
  81356.605   109.904   -31.77    9.11
  81731.274   105.154   -12.68    5.21
  82105.955   105.059    -0.25    7.44
  82480.648   101.427    -9.69    9.16
  82855.353    97.392   -10.77    9.84
  83230.070    91.830   -14.84    7.89
  83604.800    85.954   -15.68    6.58
  83979.541    82.954    -8.01    6.08
  84354.294    80.629    -6.20    7.75
  84729.060    76.616   -10.71    8.59
  85103.837    71.318   -14.14    8.30
  85478.627    65.489   -15.55    7.40
  85853.429    61.343   -11.06    6.21
  86228.242    57.879    -9.24    4.46
  86603.068    55.161    -7.25    3.78
  86977.906    53.318    -4.92    4.91
  87352.756    51.221    -5.60    6.04
  87727.618    47.757    -9.24    5.13
  88102.493    44.099    -9.76    5.91
  88477.379    40.229   -10.32    5.71
  88852.277    37.404    -7.54    4.44
  89227.188    36.315    -2.91    3.03
  89602.111    38.304     5.31    4.38
  89977.045    41.093     7.44    4.02
  90351.992    43.354     6.03    3.15
  90726.951    45.318     5.24    2.76
  91101.922    47.154     4.90    2.72
  91476.905    50.179     8.07    3.95
  91851.901    53.405     8.60    5.68
  92226.908    57.855    11.87    6.79
  92601.928    62.679    12.87    7.20
  92976.959    67.147    11.92    7.22
  93352.003    71.754    12.28    7.22
  93727.059    75.213     9.22    7.33
  94102.128    79.260    10.79    5.98
  94477.208    80.648     3.70    5.00
  94852.300    78.879    -4.72    5.69
  95227.405    75.440    -9.17    5.25
  95602.522    72.179    -8.69    4.95
  95977.650    70.344    -4.89    4.40
  96352.792    68.879    -3.91    3.54
  96727.945    67.665    -3.24    3.58
  97103.110    65.635    -5.41    3.81
  97478.288    63.952    -4.49    3.50
  97853.477    64.269     0.85    6.31
  98228.679    68.828    12.15   13.83
  98603.893    72.832    10.67   17.70
  98979.120    77.929    13.59   19.47
  99354.358    74.489    -9.17   16.35
  99729.609    70.123   -11.64   12.09
 100104.872    67.529    -6.91    8.97
 100480.147    66.054    -3.93    6.40
 100855.434    67.289     3.29    7.22
 101230.733    70.929     9.70    7.20
 101606.045    71.308     1.01   11.40
 101981.369    68.804    -6.67   15.32
 102356.705    70.379     4.20   17.61
 102732.053    72.879     6.66   16.54
 103107.414    79.074    16.51   12.54
 103482.786    84.304    13.93    5.62
 103858.171    85.465     3.09    3.65
 104233.568    84.977    -1.30    4.36
 104608.978    83.404    -4.19    5.03
 104984.399    79.660    -9.97    4.35
 105359.833    76.590    -8.18    3.70
 105735.279    75.760    -2.21    3.40
 106110.738    75.315    -1.19    3.21
 106486.208    76.294     2.61    3.63
 106861.691    77.903     4.29    3.45
 107237.186    79.279     3.67    4.33
 107612.693    80.786     4.01    4.20
 107988.213    80.853     0.18    4.09
 108363.745    78.489    -6.30    3.94
 108739.289    75.465    -8.05    4.31
 109114.845    72.513    -7.86    5.30
 109490.413    69.061    -9.19    5.11
 109865.994    67.059    -5.33    5.01
 110241.587    66.308    -2.00    5.13
 110617.193    67.808     3.99    5.97
 110992.811    70.074     6.03    5.63
 111368.440    71.489     3.77    4.73
 111744.083    72.929     3.83    3.31
 112119.737    72.654    -0.73    3.29
 112495.404    70.469    -5.82    3.22
 112871.083    68.099    -6.31    4.26
 113246.775    65.757    -6.23    4.32
 113622.478    63.391    -6.30    3.65
 113998.194    62.854    -1.43    3.56
 114373.923    63.033     0.48    3.56
 114749.663    62.904    -0.34    4.69
 115125.416    61.689    -3.24    6.02
 115501.181    59.979    -4.55    6.49
 115876.959    56.465    -9.35    7.77
 116252.749    54.104    -6.28    9.78
 116628.551    49.513   -12.22   10.03
 117004.366    44.161   -14.24    8.09
 117380.192    40.367   -10.10    7.28
 117756.032    36.684    -9.80    5.09
 118131.883    32.757   -10.45    7.00
 118507.747    27.416   -14.21    8.82
 118883.623    23.110   -11.46    8.15
 119259.512    21.689    -3.78    6.83
 119635.413    21.623    -0.18    6.85
 120011.326    23.562     5.16    7.77
 120387.252    25.712     5.72    8.71
 120763.189    26.904     3.17    9.97
 121139.140    27.740     2.22    9.89
 121515.103    29.353     4.29    9.81
 121891.078    31.440     5.55    8.90
 122267.065    32.779     3.56    7.99
 122643.065    35.318     6.75    6.05
 123019.077    36.084     2.04    5.18
 123395.101    36.958     2.33    3.72
 123771.138    36.474    -1.29    3.66
 124147.188    36.757     0.75    2.63
 124523.249    36.952     0.52    2.24
 124899.323    37.026     0.19    2.08
 125275.410    36.854    -0.46    1.84
 125651.509    37.196     0.91    1.88
 126027.620    38.294     2.92    3.34
 126403.744    41.343     8.11    5.06
 126779.880    44.416     8.17    5.51
 127156.028    46.654     5.95    4.61
 127532.189    48.354     4.52    3.32
 127908.363    49.289     2.49    3.23
 128284.548    48.635    -1.74    3.56
 128660.746    48.046    -1.57    3.71
 129036.957    48.050     0.01    3.60
 129413.180    47.189    -2.29    3.21
 129789.415    47.245     0.15    3.33
 130165.663    47.187    -0.15    3.06
 130541.924    47.229     0.11    2.68
 130918.196    48.026     2.12    3.28
 131294.482    49.733     4.54    3.24
 131670.779    51.004     3.38    2.60
 132047.089    52.904     5.05    3.45
 132423.412    54.932     5.39    3.93
 132799.747    55.855     2.45    4.04
 133176.094    56.830     2.59    3.68
 133552.454    57.074     0.65    3.53
 133928.826    57.979     2.40    3.57
 134305.211    58.905     2.46    3.60
 134681.609    59.088     0.49    3.80
 135058.018    59.341     0.67    3.35
 135434.441    59.189    -0.40    2.81
 135810.875    59.779     1.57    2.73
 136187.323    60.956     3.13    2.95
 136563.782    62.175     3.24    2.50
 136940.254    63.546     3.64    2.58
 137316.739    63.586     0.11    2.95
 137693.236    61.050    -6.74    5.12
 138069.746    57.854    -8.49    6.17
 138446.268    54.152    -9.83    4.95
 138822.803    51.221    -7.78    3.55
 139199.350    50.733    -1.30    3.09
 139575.910    51.236     1.34    3.32
 139952.482    51.708     1.25    3.85
 140329.066    51.236    -1.25    4.85
 140705.664    50.700    -1.43    5.36
 141082.273    49.074    -4.32    4.87
 141458.896    48.522    -1.47    3.67
 141835.530    49.879     3.60    3.69
 142212.178    50.782     2.40    3.46
 142588.838    52.929     5.70    3.75
 142965.510    54.679     4.65    4.36
 143342.195    57.854     8.43    4.55
 143718.893    61.712    10.25    4.22
 144095.603    63.379     4.42    3.45
 144472.325    64.611     3.27    3.77
 144849.060    66.245     4.34    4.16
 145225.808    67.504     3.34    4.42
 145602.568    69.154     4.38    3.86
 145979.341    71.022     4.96    3.20
 146356.126    72.029     2.67    3.47
 146732.924    72.294     0.70    4.09
 147109.735    71.489    -2.14    4.75
 147486.558    70.294    -3.17    4.26
 147863.394    69.469    -2.19    3.96
 148240.242    69.260    -0.55    3.33
 148617.103    71.123     4.94    4.10
 148993.976    73.689     6.81    4.88
 149370.862    77.729    10.72    5.09
 149747.761    81.037     8.78    4.53
 150124.672    82.670     4.33    3.47
 150501.596    84.123     3.86    3.42
 150878.532    84.879     2.01    3.68
 151255.481    85.391     1.36    4.58
 151632.443    87.379     5.27    4.23
 152009.417    88.766     3.68    4.29
 152386.404    89.029     0.70    4.26
 152763.403    89.304     0.73    4.43
 153140.415    88.635    -1.77    4.63
 153515.546    87.802    -2.22    4.61
 153890.074    87.766    -0.10    4.88
 154264.614    88.623     2.29    5.10
 154639.167    91.154     6.76    5.62
 155013.732    94.977    10.21    5.17
 155388.310    97.391     6.45    5.01
 155762.901   100.926     9.44    4.39
 156137.503   104.090     8.45    4.60
 156512.119   107.504     9.12    5.10
 156886.746   111.474    10.60    4.96
 157261.386   114.367     7.72    4.31
 157636.039   116.147     4.75    4.08
 158010.704   118.504     6.29    5.10
 158385.382   121.404     7.74    6.65
 158760.072   124.154     7.34    7.68
 159134.775   127.245     8.25    7.87
 159509.490   129.489     5.99    8.35
 159884.217   128.754    -1.96    8.15
 160258.957   125.403    -8.94    9.06
 160633.710   123.729    -4.47    7.97
 161008.475   125.379     4.40    8.02
 161383.253   128.956     9.55    8.39
 161758.043   132.294     8.91    8.25
 162132.845   133.343     2.80    8.28
 162507.661   133.928     1.56    7.94
 162882.488   135.954     5.41    8.01
 163257.328   139.458     9.35    9.07
 163632.181   145.355    15.73    8.31
 164007.046   150.366    13.37    7.19
 164381.924   153.022     7.08    6.06
 164756.815   154.343     3.52    4.21
 165131.718   153.454    -2.37    4.66
 165506.633   149.152   -11.48    6.59
 165881.561   143.958   -13.85    6.90
 166256.501   139.070   -13.04    6.30
 166631.455   135.903    -8.45    4.91
 167006.420   136.806     2.41    4.58
 167381.398   141.220    11.77    8.51
 167756.389   146.136    13.11    8.96
 168131.392   149.427     8.78   11.23
 168506.408   151.562     5.69   14.26
 168881.437   154.736     8.46   17.13
 169256.478   148.318   -17.12   21.30
 169631.531   132.529   -42.10   24.49
 170006.598   119.454   -34.86   22.25
 170381.676   104.654   -39.46   14.86
 170756.768    96.245   -22.42   13.02
 171131.872    92.165   -10.88   15.32
 171506.988    85.403   -18.03   16.97
 171882.117    81.489   -10.44   17.81
 172257.259    79.284    -5.88   16.76
 172632.414    80.952     4.45   14.01
 173007.581    89.154    21.86   15.53
 173382.760   101.604    33.19   17.15
 173757.952   115.579    37.25   15.44
 174133.157   123.294    20.56   13.72
 174508.374   129.141    15.59   12.90
 174883.604   133.054    10.43   12.11
 175258.847   131.046    -5.35   12.34
 175634.102   126.315   -12.61   13.10
 176009.370   119.165   -19.06   13.97
 176384.651   111.416   -20.65   10.94
 176759.944   107.498   -10.44   10.49
 177135.250   106.189    -3.49   11.69
 177510.568   110.484    11.45   11.85
 177885.899   112.220     4.62   13.31
 178261.243   118.304    16.21   14.08
 178636.600   126.784    22.59   15.25
 179011.969   135.189    22.39   13.82
 179387.350   139.443    11.34   12.56
 179762.745   136.786    -7.08   14.02
 180138.152   127.648   -24.34   15.28
 180513.571   116.779   -28.96   19.87
 180889.004   100.708   -42.81   22.13
 181264.449    85.904   -39.44   23.81
 181639.907    68.951   -45.16   17.73
 182015.377    58.958   -26.62   10.79
 182390.860    61.029     5.52   11.87
 182766.356    71.704    28.43   20.19
 183141.864    85.343    36.32   22.14
 183517.386   103.440    48.20   19.09
 183892.919   119.079    41.65   18.47
 184268.466   130.520    30.47   17.13
 184644.025   143.660    34.99   17.75
 185019.597   153.641    26.58   17.70
 185395.182   164.562    29.08   16.38
 185770.779   173.593    24.05   15.03
 186146.389   179.855    16.67   14.87
 186522.012   183.654    10.12   17.53
 186897.648   185.963     6.15   16.72
 187273.296   187.071     2.95   15.02
