# NaN NaN NaN ;Mean Elev.(m), Avg Gradient(m/km), RMS Gradient(m/km) - SRTM1     
#   43.999  -0.258   6.409 ;Mean Elev.(m), Avg Gradient(m/km), RMS Gradient(m/km) - ASTER GDEM
#   78.004  -0.758   3.021 ;Mean Elev.(m), Avg Gradient(m/km), RMS Gradient(m/km) - GMTED2010 
  8    82.018 52481.16031180 22.07  95.979708  23.163490 10.229
  8    88.524 52481.16031245 21.19  95.978898  23.160200 10.229
  9    79.251 52516.16026503 21.77  95.984448  23.154773 21.724
  9    79.193 52516.16026568 21.20  95.983628  23.151473 21.724
  9    79.101 52516.16026632 21.55  95.982818  23.148183 21.724
  9    78.980 52516.16026697 22.55  95.981998  23.144883 21.724
  9    79.095 52516.16026761 22.98  95.981188  23.141593 21.724
  9    79.075 52516.16026826 23.99  95.980368  23.138293 21.724
  9    79.101 52516.16026890 25.82  95.979548  23.134993 21.724
 10    80.242 52551.16031158 42.58  95.981098  23.161190 12.103
 10    80.112 52551.16031222 36.14  95.980278  23.157890 12.103
 10    80.104 52551.16031287 34.41  95.979458  23.154600 12.103
 11    74.747 52586.16028761 23.18  95.986615  23.142503 15.567
 11    74.907 52586.16028825 22.38  95.985805  23.139203 15.567
 11    75.040 52586.16028890 20.91  95.984985  23.135903 15.567
 11    74.877 52586.16028954 22.05  95.984175  23.132613 15.567
 11    74.701 52586.16029019 20.99  95.983355  23.129313 15.567
 11    74.473 52586.16029083 20.75  95.982545  23.126023 15.567
 11    74.776 52586.16029148 19.46  95.981725  23.122723 15.567
 11    74.865 52586.16029212 18.95  95.980912  23.119431  8.172
 11    74.797 52586.16029277 21.19  95.980092  23.116131  8.172
 11    74.874 52586.16029341 20.99  95.979282  23.112841  8.172
 11    75.596 52586.16029406 16.05  95.978462  23.109541  8.172
 11    75.513 52586.16029470 15.88  95.977642  23.106251  8.172
 11    75.283 52586.16029534 18.36  95.976832  23.102951  8.172
 11    74.509 52586.16029599 18.92  95.976012  23.099651  8.172
 12    76.409 52621.16026225 17.59  95.981133  23.164759 12.878
 12    88.215 52621.16026290 15.62  95.980313  23.161459 12.878
 12    77.110 52621.16026354 19.74  95.979503  23.158169 12.878
 15    73.334 52726.16029413 17.79  95.984030  23.154085 12.710
 15    73.416 52726.16029478 17.10  95.983220  23.150795 12.710
 15    73.512 52726.16029542 19.62  95.982400  23.147495 12.710
 15    73.425 52726.16029606 24.78  95.981590  23.144205 12.710
 15    73.547 52726.16029671 24.15  95.980770  23.140905 12.710
 15    73.211 52726.16029735 26.54  95.979950  23.137605 12.710
 15    73.252 52726.16029800 26.66  95.979140  23.134315 12.710
 17    74.792 52796.16027068 18.24  95.987869  23.142880 14.475
 17    74.935 52796.16027132 16.86  95.987049  23.139580 14.475
 17    74.824 52796.16027197 18.40  95.986229  23.136290 14.475
 17    74.928 52796.16027261 19.96  95.985419  23.132990 14.475
 17    74.652 52796.16027326 21.19  95.984599  23.129700 14.475
 17    74.389 52796.16027390 22.38  95.983789  23.126400 14.475
 17    74.357 52796.16027455 21.90  95.982967  23.123108  9.267
 17    74.444 52796.16027519 20.24  95.982147  23.119808  9.267
 17    74.655 52796.16027584 17.91  95.981337  23.116518  9.267
 17    74.723 52796.16027648 18.60  95.980517  23.113218  9.267
 17    74.505 52796.16027713 21.31  95.979707  23.109928  9.267
 17    74.204 52796.16027777 23.23  95.978887  23.106628  9.267
 17    73.986 52796.16027842 19.73  95.978067  23.103328  9.267
 17    74.066 52796.16027906 17.31  95.977257  23.100038  9.267
 17    74.084 52796.16027971 16.36  95.976437  23.096738  9.267
 18    82.263 52831.16033830 20.92  95.988157  23.138341 19.929
 18    82.427 52831.16033895 21.37  95.987347  23.135051 19.929
 18    82.203 52831.16033959 22.72  95.986527  23.131751 19.929
 18    82.084 52831.16034024 25.21  95.985707  23.128461 19.929
 18    82.118 52831.16034088 23.71  95.984897  23.125161 19.929
 18    82.612 52831.16034346 27.84  95.981625  23.111979 17.090
 18    82.563 52831.16034410 28.11  95.980815  23.108689 17.090
 18    82.257 52831.16034475 26.23  95.979995  23.105389 17.090
 18    82.356 52831.16034539 22.22  95.979185  23.102089 17.090
 18    82.376 52831.16034604 22.11  95.978365  23.098799 17.090
 18    82.482 52831.16034668 20.42  95.977545  23.095499 17.090
 18    82.551 52831.16034733 19.75  95.976735  23.092209 17.090
 18    82.626 52831.16034797 21.61  95.975915  23.088909 17.090
 19    79.218 52866.16038270 15.65  95.987752  23.134885 23.342
 19    78.972 52866.16038334 15.50  95.986942  23.131585 23.342
 19    78.858 52866.16038399 15.29  95.986122  23.128285 23.342
 19    78.767 52866.16038463 16.64  95.985312  23.124995 23.342
 19    79.299 52866.16038721 27.93  95.982046  23.111813 10.441
 19    79.135 52866.16038786 27.54  95.981226  23.108513 10.441
 19    79.333 52866.16038850 26.01  95.980416  23.105223 10.441
 19    78.947 52866.16038914 22.82  95.979596  23.101923 10.441
 19    78.950 52866.16038979 19.78  95.978786  23.098633 10.441
 19    78.857 52866.16039043 16.68  95.977966  23.095333 10.441
 19    78.685 52866.16039108 13.36  95.977146  23.092033 10.441
 19    92.935 52866.16039172 12.32  95.976336  23.088743 10.441
 20    78.694 52901.16040584 29.18  95.982102  23.162440 22.455
 20    78.618 52901.16040649 31.31  95.981282  23.159140 22.455
 20    78.476 52901.16040713 34.11  95.980472  23.155850 22.455
 20    78.649 52901.16040777 36.82  95.979652  23.152550 22.455
 21    77.135 52936.16034722 30.98  95.979727  23.162117 15.135
 21    77.039 52936.16034786 29.91  95.978907  23.158817 15.135
 22    76.861 52971.16037182 16.87  95.983452  23.158594 20.755
 22    75.713 52971.16037247 22.01  95.982632  23.155294 20.755
 22    86.293 52971.16037311 16.08  95.981812  23.152004 20.755
 22    74.865 52971.16037376 17.93  95.981002  23.148704 20.755
 22    74.392 52971.16037440 21.85  95.980182  23.145404 20.755
 22    74.496 52971.16037504 25.83  95.979372  23.142114 20.755
 24    73.506 53041.16033780 16.71  95.982806  23.156396 19.618
 24    73.454 53041.16033845 17.57  95.981986  23.153106 19.618
 24    73.421 53041.16033909 20.43  95.981166  23.149806 19.618
 24    73.392 53041.16033974 23.98  95.980356  23.146506 19.618
 24    73.443 53041.16034038 23.87  95.979536  23.143216 19.618
 25    73.344 53076.16036948 19.25  95.979766  23.163314 18.536
 25    73.194 53076.16037013 14.11  95.978956  23.160024 18.536
 26    74.921 53111.16033928 12.72  95.981134  23.163498 14.655
 26    74.868 53111.16033992 13.79  95.980314  23.160208 14.655
 26    74.916 53111.16034057 16.06  95.979494  23.156908 14.655
 27    77.920 53146.16038261 48.00  95.981400  23.159671 29.433
 27    77.837 53146.16038326 45.86  95.980590  23.156371 29.433
 27    77.851 53146.16038390 44.78  95.979770  23.153081 29.433
 28    79.689 53181.16039223 23.69  95.985477  23.149649 31.497
 28    79.491 53181.16039288 23.03  95.984657  23.146359 31.497
 28    79.540 53181.16039352 19.54  95.983847  23.143059 31.497
 28    79.594 53181.16039417 17.81  95.983029  23.139767 10.288
 28    79.723 53181.16039481 15.48  95.982209  23.136467 10.288
 28    79.840 53181.16039546 14.95  95.981399  23.133177 10.288
 28    79.755 53181.16039610 17.63  95.980579  23.129877 10.288
 28    79.784 53181.16039675 16.13  95.979769  23.126587 10.288
 28    79.309 53181.16039739 17.31  95.978949  23.123287 10.288
 28    79.022 53181.16039804 21.26  95.978129  23.119987 10.288
 28    78.954 53181.16039868 22.56  95.977319  23.116697 10.288
 29    85.507 53216.16041348 17.89  95.981765  23.158875  7.692
 29    85.450 53216.16041412 19.24  95.980945  23.155575  7.692
 29    85.747 53216.16041476 18.65  95.980135  23.152275  7.692
 31    79.678 53286.16038382 29.70  95.981380  23.164951 21.196
 31    79.643 53286.16038447 30.53  95.980560  23.161651 21.196
 31    79.675 53286.16038511 28.09  95.979750  23.158351 21.196
 31    79.645 53286.16038576 22.56  95.978930  23.155061 21.196
 32    75.527 53321.16036510 22.03  95.987685  23.138014 22.310
 32    75.742 53321.16036575 19.61  95.986875  23.134714 22.310
 32    75.629 53321.16036639 24.40  95.986057  23.131422 13.682
 32    75.562 53321.16036704 21.35  95.985237  23.128122 13.682
 32    75.417 53321.16036768 19.03  95.984427  23.124832 13.682
 32    76.814 53321.16036962 15.63  95.981977  23.114942 13.682
 32    76.742 53321.16037026 17.52  95.981157  23.111642 13.682
 32    78.326 53321.16037091 16.83  95.980347  23.108352 13.682
 32    78.666 53321.16037155 17.53  95.979527  23.105052 13.682
 32    75.083 53321.16037219 21.42  95.978717  23.101762 13.682
 32    75.113 53321.16037284 21.41  95.977897  23.098462 13.682
 32    75.036 53321.16037348 22.63  95.977087  23.095172 13.682
 32    75.080 53321.16037413 22.97  95.976267  23.091872 13.682
 33    75.380 53356.16033234 25.40  95.985794  23.149984 22.634
 33    74.444 53356.16033299 33.68  95.984974  23.146684 22.634
 33    74.406 53356.16033363 40.75  95.984164  23.143394 22.634
 33    74.323 53356.16033428 47.07  95.983344  23.140094 22.634
 33    74.218 53356.16033492 48.92  95.982533  23.136801 33.551
 33    74.279 53356.16033556 35.36  95.981713  23.133501 33.551
 33    74.357 53356.16033621 47.61  95.980893  23.130211 33.551
 33    74.218 53356.16033685 51.86  95.980083  23.126911 33.551
 33    74.048 53356.16033750 45.09  95.979263  23.123621 33.551
 33    74.016 53356.16033814 45.65  95.978453  23.120321 33.551
 33    73.809 53356.16033879 43.92  95.977633  23.117021 33.551
 33    73.699 53356.16033943 43.87  95.976823  23.113731 33.551
 34    86.382 53391.16034360 15.76  95.984250  23.157005 13.146
 34    78.205 53391.16034424 17.39  95.983440  23.153705 13.146
 34    73.842 53391.16034488 19.56  95.982620  23.150415 13.146
 34    73.708 53391.16034553 21.77  95.981800  23.147115 13.146
 34    73.733 53391.16034617 22.44  95.980985  23.143824 10.767
 34    73.703 53391.16034682 19.96  95.980175  23.140524 10.767
 34    73.686 53391.16034746 18.71  95.979355  23.137234 10.767
 35    75.397 53426.16034115 21.39  95.985539  23.151900 18.424
 35    75.164 53426.16034180 20.41  95.984729  23.148610 18.424
 35    75.074 53426.16034244 18.70  95.983909  23.145310 18.424
 35    75.293 53426.16034309 17.32  95.983094  23.142018 11.710
 35    75.295 53426.16034373 25.91  95.982274  23.138718 11.710
 35    75.304 53426.16034438 27.98  95.981464  23.135428 11.710
 35    75.150 53426.16034502 24.71  95.980644  23.132128 11.710
 35    74.886 53426.16034567 22.48  95.979834  23.128838 11.710
 35    74.989 53426.16034631 22.38  95.979014  23.125538 11.710
 35    74.865 53426.16034696 20.24  95.978194  23.122238 11.710
 35    74.696 53426.16034760 18.08  95.977384  23.118948 11.710
 36    76.445 53461.16035278 22.76  95.987019  23.145322 19.139
 36    76.435 53461.16035342 23.10  95.986199  23.142032 19.139
 36    76.411 53461.16035407 26.52  95.985389  23.138732 19.139
 36    76.404 53461.16035471 25.16  95.984569  23.135442 19.139
 36    76.446 53461.16035536 31.08  95.983749  23.132142 19.139
 36    76.373 53461.16035600 31.55  95.982939  23.128842 19.139
 36    76.172 53461.16035665 24.70  95.982119  23.125552 19.139
 36    76.082 53461.16035729 15.50  95.981299  23.122252 19.139
 36    75.894 53461.16035794 13.92  95.980489  23.118962 19.139
 36    75.848 53461.16035858 13.56  95.979669  23.115662 19.139
 36    75.765 53461.16035922 14.11  95.978859  23.112372 19.139
 36    76.039 53461.16035987 13.12  95.978039  23.109072 19.139
 36    76.094 53461.16036051 12.94  95.977229  23.105782 19.139
 36    75.971 53461.16036116 14.52  95.976409  23.102482 19.139
 36    76.026 53461.16036180 14.29  95.975589  23.099182 19.139
 38    74.492 53531.16040928 20.13  95.985381  23.148299 15.458
 38    74.190 53531.16040992 20.71  95.984561  23.144999 15.458
 38    74.121 53531.16041056 23.21  95.983745  23.141707 18.741
 38    74.411 53531.16041121 28.96  95.982925  23.138407 18.741
 38    74.272 53531.16041185 33.72  95.982115  23.135117 18.741
 38    74.085 53531.16041250 22.85  95.981295  23.131817 18.741
 38    74.074 53531.16041314 17.96  95.980485  23.128527 18.741
 38    74.238 53531.16041379 21.01  95.979665  23.125227 18.741
 38    74.038 53531.16041443 21.99  95.978845  23.121927 18.741
 38    73.838 53531.16041508 21.08  95.978035  23.118637 18.741
 38    73.497 53531.16041572 18.18  95.977215  23.115337 18.741
 40    81.013 53601.16037726 26.87  95.983398  23.156762 34.419
 40    80.821 53601.16037791 24.43  95.982588  23.153472 34.419
 40    80.963 53601.16037855 22.60  95.981768  23.150172 34.419
 40    80.965 53601.16037920 19.59  95.980958  23.146882 34.419
 40    81.020 53601.16037984 18.77  95.980138  23.143582 34.419
 40    81.171 53601.16038049 18.91  95.979326  23.140288 10.176
 41    79.006 53636.16037358 21.37  95.982495  23.161373 14.333
 41    79.024 53636.16037423 18.98  95.981675  23.158073 14.333
 41    88.914 53636.16037487 16.19  95.980855  23.154783 14.333
 41    77.442 53636.16037551 18.52  95.980045  23.151483 14.333
 42    91.595 53671.16039429 18.77  95.979882  23.164688 10.633
 42    90.358 53671.16039493 17.52  95.979062  23.161398 10.633
 43    74.468 53706.16032937 23.95  95.986459  23.148593 16.206
 43    74.237 53706.16033001 25.31  95.985649  23.145303 16.206
 43    74.124 53706.16033066 23.29  95.984829  23.142003 16.206
 43    73.849 53706.16033130 21.05  95.984019  23.138713 16.206
 43    73.864 53706.16033195 19.76  95.983199  23.135413 16.206
 43    73.924 53706.16033259 17.94  95.982389  23.132113 16.206
 43    73.997 53706.16033324 17.05  95.981569  23.128823 16.206
 43    74.096 53706.16033388 21.13  95.980749  23.125523 16.206
 43    74.040 53706.16033453 22.27  95.979939  23.122233 16.206
 43    73.892 53706.16033517 22.86  95.979119  23.118933 16.206
 43    73.617 53706.16033582 21.24  95.978309  23.115643 16.206
 43    73.572 53706.16033646 16.58  95.977489  23.112343 16.206
 43    75.901 53706.16033711 16.62  95.976672  23.109049  6.433
 43    73.483 53706.16033775 15.94  95.975862  23.105749  6.433
 44    74.786 53741.16024133 19.30  95.983124  23.155644 16.547
 44    74.545 53741.16024197 18.52  95.982304  23.152344 16.547
 44    73.947 53741.16024262 19.31  95.981494  23.149054 16.547
 44    73.516 53741.16024326 22.02  95.980674  23.145754 16.547
 44    73.357 53741.16024390 24.24  95.979864  23.142464 16.547
 44    73.371 53741.16024455 19.52  95.979044  23.139164 16.547
 46    73.775 53811.16024363 23.80  95.982912  23.156339 17.958
 46    73.732 53811.16024428 25.53  95.982102  23.153049 17.958
 46    73.619 53811.16024492 23.59  95.981282  23.149749 17.958
 46    73.776 53811.16024557 31.12  95.980462  23.146459 17.958
 46    73.700 53811.16024621 32.98  95.979652  23.143159 17.958
 47    75.332 53846.16029074 18.17  95.982911  23.160452 15.908
 47    74.600 53846.16029138 18.62  95.982101  23.157162 15.908
 47    74.561 53846.16029203 22.65  95.981281  23.153862 15.908
 47    74.641 53846.16029267 21.69  95.980471  23.150562 15.908
 47    74.294 53846.16029332 23.48  95.979651  23.147272 15.908
 48    74.388 53881.16031763 26.10  95.985921  23.145946 19.411
 48    74.179 53881.16031827 24.19  95.985111  23.142656 19.411
 48    74.056 53881.16031892 21.31  95.984291  23.139356 19.411
 48    74.130 53881.16031956 19.12  95.983471  23.136056 19.411
 48    74.100 53881.16032021 19.54  95.982661  23.132766 19.411
 48    74.103 53881.16032085 21.44  95.981841  23.129466 19.411
 48    74.123 53881.16032150 24.81  95.981031  23.126176 19.411
 48    74.098 53881.16032214 25.72  95.980211  23.122876 19.411
 48    73.830 53881.16032279 23.11  95.979391  23.119586 19.411
 48    73.785 53881.16032343 19.88  95.978581  23.116286 19.411
 48    73.422 53881.16032408 21.40  95.977765  23.112993  5.755
 48    74.857 53881.16032472 16.48  95.976945  23.109693  5.755
 48    75.477 53881.16032537 16.11  95.976135  23.106403  5.755
 52    78.766 54021.16035929 28.30  95.984850  23.152196 17.482
 52    78.517 54021.16035993 26.57  95.984030  23.148896 17.482
 52    78.302 54021.16036058 22.62  95.983220  23.145596 17.482
 52    78.209 54021.16036122 19.94  95.982400  23.142306 17.482
 52    78.440 54021.16036186 18.53  95.981580  23.139006 17.482
 52    78.354 54021.16036251 19.49  95.980770  23.135716 17.482
 52    78.316 54021.16036315 20.69  95.979950  23.132416 17.482
 52    78.171 54021.16036380 24.70  95.979140  23.129126 17.482
 52    78.206 54021.16036444 27.41  95.978320  23.125826 17.482
 53    74.727 54056.16035314 24.38  95.988107  23.141788 21.049
 53    74.326 54056.16035378 22.59  95.987297  23.138498 21.049
 53    73.886 54056.16035443 23.59  95.986477  23.135198 21.049
 53    74.294 54056.16035507 21.66  95.985667  23.131908 21.049
 53    74.565 54056.16035572 24.85  95.984847  23.128608 21.049
 53    74.557 54056.16035636 26.36  95.984037  23.125308 21.049
 53    74.410 54056.16035701 28.03  95.983217  23.122018 21.049
 53    74.210 54056.16035765 26.26  95.982397  23.118718 21.049
 53    74.087 54056.16035830 22.55  95.981587  23.115428 21.049
 53    74.227 54056.16035894 19.08  95.980767  23.112128 21.049
 53    76.926 54056.16035958 16.63  95.979957  23.108838 21.049
 53    76.770 54056.16036023 16.63  95.979137  23.105538 21.049
 53    76.450 54056.16036087 18.44  95.978325  23.102246 10.161
 53    74.320 54056.16036152 18.33  95.977505  23.098946 10.161
 53    74.377 54056.16036216 17.67  95.976695  23.095656 10.161
 53    74.450 54056.16036281 18.43  95.975875  23.092356 10.161
 53    73.634 54056.16036345 20.80  95.975065  23.089056 10.161
 54    74.518 54091.16033528 18.79  95.983050  23.159438 11.681
 54    74.224 54091.16033592 21.95  95.982240  23.156148 11.681
 54    74.235 54091.16033657 21.87  95.981420  23.152848 11.681
 54    73.699 54091.16033721 22.92  95.980610  23.149558 11.681
 54    73.687 54091.16033786 25.86  95.979790  23.146258 11.681
 55    73.545 54126.16026696 24.91  95.985938  23.151670 17.026
 55    73.530 54126.16026760 24.29  95.985128  23.148370 17.026
 55    73.377 54126.16026825 27.19  95.984308  23.145080 17.026
 55    73.339 54126.16026889 27.06  95.983488  23.141780 17.026
 55    73.167 54126.16026953 23.07  95.982678  23.138490 17.026
 55    73.159 54126.16027018 18.33  95.981858  23.135190 17.026
 55    73.285 54126.16027082 15.56  95.981048  23.131900 17.026
 55    73.267 54126.16027147 17.00  95.980228  23.128600 17.026
 55    73.206 54126.16027211 20.52  95.979408  23.125300 17.026
 55    73.087 54126.16027276 16.80  95.978598  23.122010 17.026
 55    73.005 54126.16027340 21.22  95.977778  23.118710 17.026
 56    73.918 54161.16030352 15.86  95.982090  23.157676  8.918
 56    73.725 54161.16030416 16.64  95.981270  23.154376  8.918
 56    73.560 54161.16030481 19.87  95.980460  23.151086  8.918
 56    73.626 54161.16030545 20.45  95.979640  23.147786  8.918
 57    73.648 54196.16026910 45.98  95.984498  23.151878 37.853
 57    73.575 54196.16026975 46.34  95.983678  23.148578 37.853
 57    73.685 54196.16027039 44.95  95.982868  23.145288 37.853
 57    73.624 54196.16027103 40.35  95.982048  23.141988 37.853
 57    73.407 54196.16027168 32.42  95.981228  23.138698 37.853
 57    73.501 54196.16027232 36.98  95.980418  23.135398 37.853
 57    73.443 54196.16027297 42.52  95.979598  23.132108 37.853
 58    74.229 54231.16031607 36.85  95.984079  23.155882 20.669
 58    74.167 54231.16031672 40.36  95.983259  23.152582 20.669
 58    74.121 54231.16031736 39.32  95.982449  23.149282 20.669
 58    74.033 54231.16031801 37.47  95.981629  23.145992 20.669
 58    73.745 54231.16031865 29.33  95.980809  23.142692 20.669
 58    73.316 54231.16031930 27.18  95.979999  23.139402 20.669
 58    72.822 54231.16031994 26.79  95.979179  23.136102 20.669
 59    79.223 54266.16033355 18.45  95.984452  23.156002 10.950
 59    79.173 54266.16033420 19.43  95.983632  23.152702 10.950
 59    79.161 54266.16033484 17.57  95.982822  23.149412 10.950
 59    84.946 54266.16033549 14.61  95.982002  23.146112 10.950
 59    78.940 54266.16033613 14.46  95.981182  23.142812 10.950
 59    79.171 54266.16033678 16.83  95.980372  23.139522 10.950
 59    79.263 54266.16033742 12.58  95.979552  23.136222 10.950
 60    80.848 54301.16033922 19.39  95.983764  23.152961 16.856
 60    80.863 54301.16033987 18.71  95.982944  23.149671 16.856
 60    80.735 54301.16034051 19.00  95.982134  23.146371 16.856
 60    80.992 54301.16034116 15.81  95.981314  23.143071 16.856
 60    81.045 54301.16034180 20.04  95.980504  23.139781 16.856
 60    81.077 54301.16034245 16.08  95.979684  23.136481 16.856
 61    82.216 54336.16032631 18.11  95.983190  23.157168 12.478
 61    82.208 54336.16032696 20.46  95.982380  23.153878 12.478
 61    82.420 54336.16032760 20.99  95.981560  23.150578 12.478
 61    82.517 54336.16032825 19.24  95.980740  23.147278 12.478
 61    82.112 54336.16032889 22.26  95.979930  23.143988 12.478
 61    82.281 54336.16032954 18.55  95.979110  23.140688 12.478
 62    78.212 54371.16027145 18.64  95.985228  23.152417 15.455
 62    77.821 54371.16027209 18.45  95.984418  23.149127 15.455
 62    78.671 54371.16027274 17.61  95.983598  23.145827 15.455
 62    78.510 54371.16027338 17.00  95.982788  23.142537 15.455
 62    78.460 54371.16027403 17.40  95.981968  23.139237 15.455
 62    77.840 54371.16027467 17.02  95.981148  23.135947 15.455
 62    77.744 54371.16027532 18.89  95.980338  23.132647 15.455
 62    77.689 54371.16027596 21.80  95.979518  23.129347 15.455
 62    77.594 54371.16027661 25.46  95.978708  23.126057 15.455
 62    77.458 54371.16027725 22.55  95.977888  23.122757 15.455
 63    79.216 54406.16027083 17.26  95.982898  23.159296  4.673
 63    78.268 54406.16027148 17.02  95.982078  23.155996  4.673
 63    86.526 54406.16027212 16.91  95.981268  23.152706  4.673
 63    86.875 54406.16027277 16.24  95.980448  23.149406  4.673
 63    76.541 54406.16027341 17.19  95.979638  23.146116  4.673
 64    74.883 54441.16023026 21.46  95.986071  23.149840 10.604
 64    74.968 54441.16023090 22.10  95.985251  23.146550 10.604
 64    74.865 54441.16023155 20.03  95.984431  23.143250 10.604
 64    74.620 54441.16023219 20.62  95.983621  23.139950 10.604
 64    74.578 54441.16023283 17.69  95.982801  23.136660 10.604
 64    74.595 54441.16023348 17.87  95.981981  23.133360 10.604
 64    74.781 54441.16023412 17.33  95.981171  23.130070 10.604
 64    74.850 54441.16023477 15.95  95.980351  23.126770 10.604
 64    74.426 54441.16023541 19.88  95.979541  23.123480 10.604
 64    74.463 54441.16023606 18.79  95.978721  23.120180 10.604
 64    74.393 54441.16023670 17.55  95.977901  23.116890 10.604
 64    76.067 54441.16023735 16.20  95.977091  23.113590 10.604
 65    74.166 54476.16025934 21.36  95.984694  23.154660 15.366
 65    74.095 54476.16025999 20.50  95.983884  23.151370 15.366
 65    74.301 54476.16026063 22.70  95.983064  23.148070 15.366
 65    73.984 54476.16026128 24.23  95.982254  23.144770 15.366
 65    74.105 54476.16026192 22.03  95.981434  23.141480 15.366
 65    73.974 54476.16026257 20.01  95.980614  23.138180 15.366
 65    73.675 54476.16026321 18.88  95.979804  23.134890 15.366
 66    75.040 54511.16024596 20.10  95.985560  23.151733 13.589
 66    75.087 54511.16024661 20.81  95.984750  23.148433 13.589
 66    75.108 54511.16024725 20.54  95.983930  23.145133 13.589
 66    74.891 54511.16024790 22.20  95.983110  23.141843 13.589
 66    74.758 54511.16024854 17.33  95.982300  23.138543 13.589
 66    74.771 54511.16024919 16.54  95.981480  23.135253 13.589
 66    74.796 54511.16024983 16.76  95.980670  23.131953 13.589
 66    74.606 54511.16025048 16.60  95.979847  23.128662  5.899
 66    74.394 54511.16025112 17.40  95.979037  23.125362  5.899
 66    74.341 54511.16025177 17.55  95.978217  23.122072  5.899
 66    74.355 54511.16025241 17.80  95.977397  23.118772  5.899
 67    74.750 54546.16027305 28.31  95.983198  23.156834 22.814
 67    74.519 54546.16027369 25.22  95.982388  23.153544 22.814
 67    74.724 54546.16027434 26.63  95.981568  23.150244 22.814
 67    74.783 54546.16027498 30.52  95.980748  23.146954 22.814
 67    74.703 54546.16027563 33.99  95.979938  23.143654 22.814
 67    74.564 54546.16027627 32.38  95.979118  23.140354 22.814
 68    74.757 54581.16024060 18.64  95.985147  23.154294 20.504
 68    74.710 54581.16024124 16.45  95.984327  23.150994 20.504
 68    74.719 54581.16024188 19.80  95.983507  23.147704 20.504
 68    74.627 54581.16024253 20.80  95.982697  23.144404 20.504
 68    74.549 54581.16024317 17.74  95.981877  23.141104 20.504
 68    74.240 54581.16024382 15.50  95.981067  23.137814 20.504
 68    74.770 54581.16024446 12.02  95.980247  23.134514 20.504
 68    74.499 54581.16024511 13.21  95.979427  23.131224 20.504
 68    74.492 54581.16024575 15.01  95.978617  23.127924 20.504
 68    74.189 54581.16024640 16.23  95.977801  23.124631  7.696
 69    86.096 54616.16026252 14.87  95.984293  23.154198 13.224
 69    93.373 54616.16026316 14.80  95.983483  23.150908 13.224
 69    75.865 54616.16026381 19.05  95.982663  23.147608 13.224
 69    75.683 54616.16026445 23.17  95.981843  23.144318 13.224
 69    75.581 54616.16026510 24.06  95.981033  23.141018 13.224
 69    75.344 54616.16026574 18.99  95.980213  23.137718 13.224
 69    75.305 54616.16026639 14.80  95.979403  23.134428 13.224
 70    80.645 54651.16027480 22.26  95.982466  23.158220 24.253
 70    80.706 54651.16027544 19.40  95.981646  23.154920 24.253
 70    81.087 54651.16027609 21.70  95.980826  23.151630 24.253
 70    80.963 54651.16027673 25.22  95.980016  23.148330 24.253
 71    80.837 54686.16026711 29.23  95.982556  23.158450 22.497
 71    80.963 54686.16026776 29.51  95.981736  23.155150 22.497
 71    80.992 54686.16026840 31.13  95.980926  23.151860 22.497
 71    80.880 54686.16026904 31.59  95.980106  23.148560 22.497
 72    81.932 54721.16022140 37.37  95.985490  23.149246 32.565
 72    81.884 54721.16022204 34.16  95.984680  23.145946 32.565
 72    81.856 54721.16022269 35.02  95.983860  23.142646 32.565
 72    81.811 54721.16022333 35.54  95.983040  23.139356 32.565
 72    81.854 54721.16022398 37.20  95.982230  23.136056 32.565
 72    81.876 54721.16022462 37.17  95.981410  23.132766 32.565
 72    81.883 54721.16022527 38.99  95.980590  23.129466 32.565
 72    81.909 54721.16022591 41.57  95.979777  23.126175 19.873
 72    81.926 54721.16022656 42.77  95.978967  23.122875 19.873
 72    81.950 54721.16022720 44.58  95.978147  23.119585 19.873
 72    81.896 54721.16022784 44.68  95.977327  23.116285 19.873
 73    87.158 54756.16024249 16.61  95.983153  23.157715 11.174
 73    87.041 54756.16024313 16.12  95.982343  23.154425 11.174
 73    87.191 54756.16024378 15.83  95.981523  23.151125 11.174
 73    77.793 54756.16024442 16.47  95.980703  23.147835 11.174
 73    85.024 54756.16024507 15.90  95.979893  23.144535 11.174
 74    75.633 54791.16021450 20.15  95.984106  23.153112 11.959
 74    75.325 54791.16021515 20.22  95.983296  23.149822 11.959
 74    75.300 54791.16021579 21.51  95.982476  23.146522 11.959
 74    75.388 54791.16021644 23.07  95.981656  23.143232 11.959
 74    75.385 54791.16021708 24.13  95.980846  23.139932 11.959
 74    75.414 54791.16021773 27.23  95.980026  23.136642 11.959
 74    75.220 54791.16021837 28.07  95.979206  23.133342 11.959
 75    74.796 54826.16023911 21.97  95.984555  23.156010 19.669
 75    74.641 54826.16023975 20.36  95.983745  23.152720 19.669
 75    74.093 54826.16024040 22.85  95.982925  23.149420 19.669
 75    74.487 54826.16024104 21.58  95.982105  23.146120 19.669
 75    74.533 54826.16024169 24.20  95.981295  23.142830 19.669
 75    74.417 54826.16024233 32.72  95.980475  23.139530 19.669
 75    74.273 54826.16024298 30.98  95.979665  23.136240 19.669
 76    73.989 54861.16020835 22.71  95.985385  23.151426 14.863
 76    74.104 54861.16020899 23.22  95.984565  23.148136 14.863
 76    73.984 54861.16020963 25.05  95.983755  23.144836 14.863
 76    73.873 54861.16021028 29.25  95.982935  23.141546 14.863
 76    73.633 54861.16021092 33.99  95.982115  23.138246 14.863
 76    73.632 54861.16021157 35.34  95.981302  23.134956 21.801
 76    73.561 54861.16021221 33.10  95.980492  23.131656 21.801
 76    73.646 54861.16021286 28.36  95.979672  23.128366 21.801
 76    73.406 54861.16021350 31.63  95.978852  23.125066 21.801
 76    73.426 54861.16021415 36.10  95.978042  23.121776 21.801
 77    74.381 54896.16023974 21.91  95.981942  23.159219 18.509
 77    74.262 54896.16024039 20.48  95.981132  23.155929 18.509
 77    74.134 54896.16024103 20.01  95.980312  23.152629 18.509
 77    74.401 54896.16024167 22.25  95.979492  23.149339 18.509
 78    74.401 54931.16020479 15.58  95.983483  23.154147 24.920
 78    74.342 54931.16020544 16.61  95.982663  23.150847 24.920
 78    74.555 54931.16020608 19.94  95.981843  23.147547 24.920
 78    74.504 54931.16020673 27.40  95.981033  23.144257 24.920
 78    74.394 54931.16020737 32.85  95.980213  23.140957 24.920
 78    74.167 54931.16020801 36.44  95.979393  23.137667 24.920
 79    74.863 54966.16024006 23.85  95.983372  23.156972 23.489
 79    74.468 54966.16024071 22.32  95.982552  23.153672 23.489
 79    74.344 54966.16024135 23.55  95.981742  23.150382 23.489
 79    74.374 54966.16024200 27.54  95.980922  23.147082 23.489
 79    74.308 54966.16024264 37.93  95.980102  23.143792 23.489
 79    74.278 54966.16024329 43.79  95.979292  23.140492 23.489
 80    90.310 55001.16025997 15.03  95.981457  23.160236  8.679
 80    87.978 55001.16026062 17.60  95.980637  23.156936  8.679
 80    89.327 55001.16026126 14.75  95.979827  23.153646  8.679
 81    78.652 55036.16024669 17.64  95.984212  23.153659 14.274
 81    79.272 55036.16024733 16.74  95.983392  23.150369 14.274
 81    78.509 55036.16024798 14.62  95.982572  23.147069 14.274
 81    78.802 55036.16024862 14.08  95.981762  23.143779 14.274
 81    78.683 55036.16024927 13.39  95.980942  23.140479 14.274
 81    78.744 55036.16024991 13.45  95.980132  23.137189 14.274
 81    78.495 55036.16025055 13.86  95.979312  23.133889 14.274
 82    82.594 55071.16023446 37.00  95.982294  23.158025 24.406
 82    82.555 55071.16023511 35.53  95.981484  23.154735 24.406
 82    82.366 55071.16023575 35.05  95.980664  23.151435 24.406
 82    82.526 55071.16023640 37.19  95.979854  23.148145 24.406
 83    78.150 55106.16017874 37.27  95.984408  23.155335 22.161
 83    78.004 55106.16017938 36.64  95.983588  23.152035 22.161
 83    78.126 55106.16018003 36.34  95.982768  23.148745 22.161
 83    78.072 55106.16018067 37.58  95.981958  23.145445 22.161
 83    78.013 55106.16018132 38.07  95.981138  23.142145 22.161
 83    77.932 55106.16018196 39.57  95.980318  23.138855 22.161
 83    77.892 55106.16018261 39.60  95.979508  23.135555 22.161
 84    76.085 55141.16018461 24.48  95.982528  23.157885 13.694
 84    76.013 55141.16018526 21.66  95.981718  23.154595 13.694
 84    75.585 55141.16018590 23.52  95.980898  23.151295 13.694
 84    75.067 55141.16018655 20.24  95.980088  23.148005 13.694
 85    74.510 55176.16014833 22.44  95.985779  23.149339 16.945
 85    74.409 55176.16014898 22.24  95.984959  23.146039 16.945
 85    74.535 55176.16014962 21.75  95.984139  23.142749 16.945
 85    74.496 55176.16015027 19.20  95.983329  23.139449 16.945
 85    74.436 55176.16015091 20.04  95.982509  23.136159 16.945
 85    74.257 55176.16015156 27.00  95.981689  23.132859 16.945
 85    74.300 55176.16015220 30.99  95.980874  23.129567 16.408
 85    74.160 55176.16015284 29.82  95.980064  23.126267 16.408
 85    74.028 55176.16015349 28.93  95.979244  23.122977 16.408
 85    74.105 55176.16015413 26.30  95.978424  23.119677 16.408
 85    74.053 55176.16015478 24.72  95.977614  23.116377 16.408
 85    73.886 55176.16015542 20.25  95.976794  23.113087 16.408
 87    73.731 55246.16015250 18.97  95.984247  23.153930 15.677
 87    73.405 55246.16015314 18.97  95.983427  23.150640 15.677
 87    73.592 55246.16015379 18.60  95.982617  23.147340 15.677
 87    73.531 55246.16015443 24.37  95.981797  23.144040 15.677
 87    73.518 55246.16015508 27.27  95.980987  23.140750 15.677
 87    73.377 55246.16015572 30.88  95.980167  23.137450 15.677
 87    73.273 55246.16015637 30.16  95.979347  23.134160 15.677
 88    73.937 55281.16017237 18.91  95.982372  23.159023 17.775
 88    73.866 55281.16017301 19.81  95.981552  23.155723 17.775
 88    73.880 55281.16017366 21.89  95.980742  23.152433 17.775
 88    73.932 55281.16017430 23.91  95.979922  23.149133 17.775
 89    77.831 55316.16013969 32.62  95.982588  23.156212 20.005
 89    77.601 55316.16014034 33.15  95.981778  23.152922 20.005
 89    77.537 55316.16014098 33.72  95.980958  23.149622 20.005
 89    77.408 55316.16014163 35.36  95.980138  23.146332 20.005
 89    77.253 55316.16014227 36.51  95.979328  23.143032 20.005
 90    77.336 55351.16014434 44.71  95.983271  23.159074 27.233
 90    77.357 55351.16014498 42.04  95.982451  23.155774 27.233
 90    77.348 55351.16014563 41.75  95.981641  23.152484 27.233
 90    77.298 55351.16014627 43.96  95.980821  23.149184 27.233
 90    77.301 55351.16014692 44.46  95.980001  23.145894 27.233
 90    77.302 55351.16014756 46.57  95.979191  23.142594 27.233
 91    82.750 55386.16013989 19.95  95.983441  23.153907 19.528
 91    82.761 55386.16014053 18.53  95.982621  23.150617 19.528
 91    82.796 55386.16014118 19.81  95.981811  23.147317 19.528
 91    82.914 55386.16014182 19.99  95.980991  23.144027 19.528
 91    82.829 55386.16014247 26.56  95.980171  23.140727 19.528
 91    83.023 55386.16014311 24.12  95.979361  23.137427 19.528
 92    80.220 55421.16016330 22.34  95.983744  23.153642 14.478
 92    80.316 55421.16016395 19.07  95.982934  23.150352 14.478
 92    79.953 55421.16016459 18.36  95.982114  23.147052 14.478
 92    79.980 55421.16016524 18.03  95.981294  23.143752 14.478
 92    80.093 55421.16016588 17.11  95.980484  23.140462 14.478
 92    79.942 55421.16016653 16.10  95.979664  23.137162 14.478
 93    80.331 55456.16013777 36.92  95.983023  23.160115 26.272
 93    80.254 55456.16013841 39.09  95.982203  23.156815 26.272
 93    80.222 55456.16013906 40.17  95.981393  23.153525 26.272
 93    80.237 55456.16013970 45.10  95.980573  23.150225 26.272
 93    80.240 55456.16014034 42.76  95.979763  23.146935 26.272
