# NaN NaN NaN ;Mean Elev.(m), Avg Gradient(m/km), RMS Gradient(m/km) - SRTM1     
#   10.000  -0.291   1.417 ;Mean Elev.(m), Avg Gradient(m/km), RMS Gradient(m/km) - ASTER GDEM
#    9.000  -0.084   1.285 ;Mean Elev.(m), Avg Gradient(m/km), RMS Gradient(m/km) - GMTED2010 
  8  95.461213  18.009491    18.159    18.182  6 52497.15929729 27.043
 10  95.462224  18.000128    14.568    14.360  8 52567.15930940 16.203
 11  95.456257  18.020290    11.339    11.346  4 52602.15931099 37.325
 12  95.459092  18.013471    10.833    10.017  6 52637.15928028 15.291
 13  95.458204  18.012935     9.224     9.245  6 52672.15928356 16.849
 14  95.461340  18.009697     8.790     8.803  6 52707.15928584 28.659
 15  95.456883  18.020123     9.316     9.373  4 52742.15931581 31.677
 16  95.460736  18.011181    14.896    14.400  6 52777.15925867 21.839
 17  95.458636  18.012634    15.107    15.027  6 52812.15933764 24.857
 18  95.460384  18.011311    17.965    17.984  6 52847.15939246 25.469
 19  95.458089  18.016628    16.773    16.632  4 52882.15942814 20.368
 20  95.460272  18.010629    14.843    14.842  6 52917.15938626 43.160
 21  95.462948  17.995148    11.998    12.014  9 52952.15935060 25.624
 22  95.463365  17.993051    10.450    10.532 10 52987.15936611 20.009
 23  95.461802  18.004861     9.657     9.644  6 53022.15935247 28.457
 24  95.463243  17.994647     8.628     8.609 10 53057.15934623 31.205
 25  95.453502  18.024941     8.710     8.702  4 53092.15937854 31.088
 26  95.462452  18.003096    11.237    11.230  7 53127.15935287 26.384
 27  95.456256  18.020422    12.893    12.910  4 53162.15941337 14.421
 28  95.460746  18.009227    16.134    16.073  5 53197.15941480 19.852
 29  95.462937  17.998221    17.760    17.763  8 53232.15939590 24.473
 30  95.457418  18.017264    18.769    18.751  4 53267.15936140 29.969
 31  95.454448  18.021389    16.981    16.971  4 53302.15941458 28.656
 32  95.458752  18.011821    13.380    13.496  6 53337.15938644 15.392
 33  95.459520  18.010764    10.479    10.468  6 53372.15932209 25.890
 35  95.458467  18.013932    10.206    10.222  6 53442.15934432 43.045
 36  95.457170  18.019526    10.752    10.765  4 53477.15941349 18.408
 37  95.459772  18.012461    10.732    10.727  5 53512.15942668 32.444
 38  95.456528  18.021036    15.397    15.558  4 53547.15944301 16.201
 39  95.459113  18.012234    15.668    15.661  5 53582.15941500 13.248
 40  95.456700  18.020236    18.171    18.170  4 53617.15936887 45.180
 41  95.460580  18.009980    15.552    15.509  5 53652.15938830 13.998
 42  95.457115  18.018713    13.079    12.500  5 53687.15939036 18.288
 43  95.460433  18.011346    10.021     9.989  5 53722.15931710 26.715
 44  95.464216  17.992218     9.148     9.207 11 53757.15925313 40.864
 45  95.461884  18.005476     8.899     8.897  6 53792.15927551 32.891
 46  95.462863  17.995540     8.877     8.914  9 53827.15924210 42.269
 47  95.458541  18.016115     9.754     9.758  4 53862.15932583 37.162
 48  95.460694  18.009235    15.973    15.805  5 53897.15934835 15.617
 49  95.453086  18.025830    16.343    16.300  3 53932.15939435 16.512
 50  95.455017  18.020730    15.364    15.379  4 53967.15937016 15.887
 51  95.462838  18.001442    17.854    17.859  8 54002.15933779 45.832
 52  95.461760  18.005241    14.499    15.041  7 54037.15937596 15.655
 53  95.460802  18.011029    11.965    12.819  5 54072.15936938 16.342
 54  95.458006  18.018215     9.534     9.544  4 54107.15931778 21.309
 55  95.460284  18.010518     8.963     8.982  6 54142.15930369 22.265
 57  95.459570  18.012486     9.818     9.823  6 54212.15931031 29.681
 58  95.459742  18.011219    15.162    15.182  6 54247.15933956 36.611
 60  95.460692  18.009707    18.506    18.499  5 54317.15934820 20.254
 61  95.459309  18.012666    16.999    17.013  6 54352.15931373 26.178
 62  95.460997  18.009987    15.140    15.165  6 54387.15928773 47.123
 63  95.458891  18.013766    13.778    14.036  6 54422.15926360 18.698
 64  95.461719  18.007975    10.970    10.971  6 54457.15926159 28.593
 65  95.459850  18.011145    10.228    10.247  5 54492.15926647 24.476
 66  95.461312  18.005872     9.991    10.031  6 54527.15927479 42.021
 67  95.458450  18.012568    10.400    10.401  6 54562.15927393 39.813
 68  95.460047  18.012467    10.909    10.897  6 54597.15926899 29.798
 69  95.459038  18.013161    15.462    15.568  5 54632.15928266 19.767
 70  95.458385  18.012327    17.806    17.798  6 54667.15928841 21.792
 71  95.459993  18.011635    17.930    17.949  5 54702.15925545 24.093
 72  95.460886  18.010156    15.599    15.525  5 54737.15924951 21.799
 73  95.459920  18.010560    13.545    13.563  5 54772.15923707 41.585
 74  95.459989  18.010533    12.183    11.605  5 54807.15924292 21.311
 75  95.459888  18.011226    11.266    11.268  6 54842.15923311 24.026
 76  95.459427  18.012849     9.706     9.701  6 54877.15924481 48.061
 77  95.457962  18.016942    11.106    10.879  5 54912.15923699 22.843
 78  95.459375  18.013280    14.350    14.540  6 54947.15923652 21.029
 79  95.459028  18.014232    13.009    12.171  6 54982.15926247 22.885
 80  95.460110  18.012381    14.993    15.066  6 55017.15926260 20.282
 81  95.460293  18.009980    16.765    16.783  6 55052.15925777 15.633
 82  95.458623  18.016084    15.728    15.791  5 55087.15922063 32.561
 83  95.461440  18.008939    15.929    15.945  5 55122.15919346 41.970
 84  95.458349  18.014008    12.668    12.949  6 55157.15918159 21.987
 85  95.460547  18.010747    13.445    13.411  5 55192.15918241 16.114
 86  95.458381  18.013468     9.240     9.205  6 55227.15918299 47.842
 87  95.460664  18.011095     8.962     8.861  6 55262.15917806 37.768
 89  95.458678  18.014352    14.912    14.994  6 55332.15915690 17.112
 90  95.459852  18.011975    13.881    13.848  6 55367.15915003 41.095
 91  95.460841  18.009929    17.148    17.125  6 55402.15916425 17.380
 92  95.460653  18.009914    17.261    17.249  6 55437.15916764 20.522
 93  95.458737  18.012004    16.468    16.462  6 55472.15911779 18.811
