# NaN NaN NaN ;Mean Elev.(m), Avg Gradient(m/km), RMS Gradient(m/km) - SRTM1     
#   43.739  -1.224   4.518 ;Mean Elev.(m), Avg Gradient(m/km), RMS Gradient(m/km) - ASTER GDEM
#   61.673  -4.574   7.937 ;Mean Elev.(m), Avg Gradient(m/km), RMS Gradient(m/km) - GMTED2010 
  7    72.070 52446.16056347  6.86  95.669067  21.922158 21.075
  7    69.938 52446.16056411 10.05  95.668257  21.918868 21.075
  8    65.673 52481.16055485 39.08  95.674053  21.920798 13.938
  8    65.572 52481.16055549 38.57  95.673253  21.917498 13.938
  8    65.538 52481.16055614 45.87  95.672443  21.914208 13.938
 10    63.776 52551.16055397 42.81  95.676087  21.921823 32.022
 10    64.078 52551.16055462 41.28  95.675277  21.918523 32.022
 10    64.241 52551.16055526 43.09  95.674477  21.915233 32.022
 11    61.789 52586.16052614 29.49  95.686675  21.922900 16.375
 11    61.804 52586.16052678 30.94  95.685865  21.919600 16.375
 11    60.616 52586.16052743 39.47  95.685055  21.916310 16.375
 12    59.163 52621.16050529 40.29  95.675564  21.922060 25.802
 12    65.115 52621.16050594 34.70  95.674756  21.918762 15.742
 12    60.770 52621.16050658 40.69  95.673956  21.915462 15.742
 15    58.518 52726.16053524 36.76  95.680785  21.921326  9.475
 15    58.527 52726.16053588 39.82  95.679975  21.918026  9.475
 15    58.599 52726.16053653 33.69  95.679175  21.914726  9.475
 18    67.543 52831.16057619 27.22  95.688858  21.922050 18.927
 18    66.729 52831.16057683 30.08  95.688058  21.918760 18.927
 20    62.842 52901.16064888 28.80  95.676476  21.919739 21.015
 20    63.242 52901.16064953 32.11  95.675666  21.916449 21.015
 21    62.430 52936.16058961 44.94  95.675001  21.922705 15.915
 21    62.424 52936.16059026 42.53  95.674201  21.919405 15.915
 21    62.408 52936.16059090 47.98  95.673391  21.916115 15.915
 22    59.364 52971.16061422 31.95  95.678524  21.919226 11.077
 22    59.707 52971.16061486 37.02  95.677714  21.915936 11.077
 23    58.844 53006.16062774 38.72  95.672767  21.921430 15.601
 23    58.815 53006.16062838 41.23  95.671957  21.918130 15.601
 23    58.769 53006.16062903 47.70  95.671157  21.914830 15.601
 24    60.810 53041.16057956 23.85  95.678588  21.920346 11.722
 24    58.771 53041.16058020 24.56  95.677788  21.917046 11.722
 25    59.193 53076.16061253 41.48  95.674137  21.920647 14.207
 25    59.321 53076.16061317 35.62  95.673327  21.917347 14.207
 25    58.386 53076.16061382 45.00  95.672527  21.914047 14.207
 26    59.400 53111.16058232 21.44  95.675297  21.920825 11.351
 26    59.374 53111.16058297 25.96  95.674487  21.917525 11.351
 26    59.282 53111.16058361 27.30  95.673687  21.914235 11.351
 28    65.266 53181.16063270 34.97  95.683058  21.920155 15.548
 28    63.608 53181.16063334 32.63  95.682248  21.916865 15.548
 29    68.549 53216.16065587 38.00  95.676904  21.919492 25.217
 29    68.401 53216.16065652 36.56  95.676104  21.916192 25.217
 30    64.523 53251.16063437 25.75  95.673050  21.920565 28.176
 30    64.329 53251.16063501 26.06  95.672240  21.917265 28.176
 30    65.132 53251.16063566 33.59  95.671440  21.913965 28.176
 31    63.401 53286.16062687 25.71  95.675552  21.922290 28.853
 31    63.769 53286.16062751 25.30  95.674752  21.918990 28.853
 31    64.545 53286.16062816 28.52  95.673942  21.915690 28.853
 32    61.021 53321.16060299 35.97  95.688500  21.921701 14.812
 32    61.047 53321.16060363 39.09  95.687700  21.918411 14.812
 33    59.777 53356.16057281 43.40  95.683486  21.920477 19.148
 33    59.713 53356.16057345 39.06  95.682686  21.917177 19.148
 35    59.945 53426.16058162 30.25  95.683177  21.922402 10.368
 35    60.079 53426.16058226 34.19  95.682367  21.919112 10.368
 35    60.911 53426.16058291 35.97  95.681567  21.915812 10.368
 36    61.988 53461.16059195 32.73  95.686096  21.922439 13.234
 36    61.830 53461.16059260 38.66  95.685296  21.919139 13.234
 36    62.765 53461.16059324 42.64  95.684486  21.915839 13.234
 37    61.216 53496.16067216 32.94  95.671701  21.919665  8.047
 37    59.684 53496.16067281 33.85  95.670891  21.916365  8.047
 40    66.454 53601.16061902 22.81  95.679455  21.920653 19.391
 40    65.504 53601.16061966 23.13  95.678645  21.917363 19.391
 40    65.653 53601.16062031 26.60  95.677845  21.914063 19.391
 41    60.510 53636.16061598 28.38  95.677505  21.922006 27.705
 41    60.812 53636.16061662 28.11  95.676695  21.918716 27.705
 41    61.374 53636.16061727 37.16  95.675885  21.915416 27.705
 43    59.325 53706.16056919 35.25  95.684943  21.922382 13.900
 43    59.589 53706.16056983 36.81  95.684143  21.919082 13.900
 43    59.571 53706.16057048 35.20  95.683333  21.915792 13.900
 44    58.977 53741.16048308 29.58  95.679305  21.919525  8.078
 44    58.777 53741.16048372 31.47  95.678495  21.916225  8.078
 46    59.070 53811.16048539 32.63  95.679037  21.920209  8.600
 46    58.380 53811.16048603 35.07  95.678227  21.916909  8.600
 47    59.730 53846.16053314 31.65  95.677946  21.921078  5.133
 47    59.374 53846.16053378 33.30  95.677136  21.917781  6.806
 47    60.447 53846.16053443 30.10  95.676336  21.914481  6.806
 48    61.487 53881.16055680 18.02  95.685072  21.923037 15.587
 48    59.548 53881.16055745 22.93  95.684262  21.919747 15.587
 48    59.663 53881.16055809 31.15  95.683462  21.916447 15.587
 49    64.451 53916.16061617 18.39  95.672349  21.923562 16.842
 49    62.919 53916.16061681 20.26  95.671539  21.920272 16.842
 49    62.361 53916.16061746 23.00  95.670729  21.916972 16.842
 49    63.960 53916.16061810 26.18  95.669925  21.913674 25.682
 52    68.775 54021.16059975 37.95  95.682316  21.922708 16.676
 52    68.092 54021.16060040 37.51  95.681516  21.919418 16.676
 52    68.321 54021.16060104 38.76  95.680706  21.916118 16.676
 54    59.064 54091.16057768 43.54  95.678292  21.920021 20.850
 54    59.110 54091.16057832 47.49  95.677482  21.916731 20.850
 56    58.507 54161.16054527 30.42  95.678059  21.921593 10.373
 56    58.484 54161.16054592 31.62  95.677249  21.918303 10.373
 56    58.880 54161.16054656 31.24  95.676449  21.915003 10.373
 57    58.380 54196.16050957 29.35  95.681963  21.922389  8.570
 57    58.686 54196.16051021 34.46  95.681153  21.919089  8.570
 57    58.518 54196.16051085 37.34  95.680343  21.915799  8.570
 59    62.590 54266.16057531 20.44  95.680386  21.919919 10.785
 59    62.623 54266.16057595 22.51  95.679581  21.916623 15.248
 60    66.801 54301.16058033 21.67  95.680543  21.920175 19.874
 60    65.101 54301.16058098 23.40  95.679730  21.916878 20.895
 61    66.720 54336.16056807 33.04  95.679199  21.921064 22.595
 61    66.393 54336.16056871 34.55  95.678399  21.917764 22.595
 61    66.617 54336.16056936 40.16  95.677589  21.914466 17.846
 62    66.801 54371.16051192 32.74  95.682714  21.922936 16.679
 62    63.590 54371.16051256 32.68  95.681904  21.919646 16.679
 62    63.862 54371.16051320 33.61  95.681104  21.916346 16.679
 63    61.753 54406.16051323 28.95  95.678065  21.919903 24.289
 63    62.054 54406.16051388 31.47  95.677265  21.916603 24.289
 64    59.613 54441.16047072 33.63  95.683470  21.920360 18.148
 64    59.613 54441.16047137 34.34  95.682660  21.917060 18.148
 65    59.843 54476.16050045 31.73  95.681446  21.921872 16.059
 65    58.936 54476.16050110 35.33  95.680636  21.918582 16.059
 65    60.172 54476.16050174 34.35  95.679826  21.915282 16.059
 66    60.133 54511.16048643 40.01  95.682999  21.922262 13.159
 66    58.982 54511.16048707 42.08  95.682199  21.918962 13.159
 66    58.935 54511.16048772 37.88  95.681389  21.915662 13.159
 67    59.788 54546.16051480 37.55  95.679177  21.920730 14.180
 67    59.002 54546.16051545 46.69  95.678377  21.917430 14.180
 67    60.015 54546.16051609 37.23  95.677567  21.914130 14.180
 69    60.319 54616.16050363 21.47  95.681061  21.921425 16.096
 69    60.405 54616.16050427 26.00  95.680251  21.918135 16.096
 69    60.176 54616.16050492 36.63  95.679451  21.914835 16.096
 70    65.455 54651.16051719 18.06  95.677591  21.918841 17.754
 70    65.299 54651.16051784 27.82  95.676781  21.915541 17.754
 71    66.103 54686.16050951 35.05  95.677755  21.919035 13.254
 71    66.161 54686.16051015 35.93  95.676955  21.915735 13.254
 73    62.892 54756.16048424 36.23  95.679107  21.921666 17.969
 73    63.037 54756.16048489 35.57  95.678307  21.918366 17.969
 73    63.142 54756.16048553 41.13  95.677497  21.915066 17.969
 74    59.722 54791.16045561 30.75  95.680731  21.920337 16.063
 74    60.249 54791.16045626 30.39  95.679921  21.917037 16.063
 75    58.773 54826.16048086 27.28  95.680468  21.919925 12.922
 75    58.828 54826.16048151 28.13  95.679658  21.916625 12.922
 76    58.629 54861.16044881 47.81  95.682843  21.921978 17.123
 76    58.486 54861.16044945 48.09  95.682033  21.918688 17.123
 76    58.704 54861.16045010 36.49  95.681233  21.915388 17.123
 77    58.294 54896.16048214 33.15  95.677121  21.919841 10.437
 77    58.069 54896.16048278 31.61  95.676311  21.916541 10.437
 78    58.839 54931.16044654 40.58  95.679327  21.918026 11.290
 78    59.991 54931.16044719 31.17  95.678527  21.914726 11.290
 80    61.276 55001.16050237 23.80  95.676592  21.920874 28.705
 80    61.308 55001.16050302 29.57  95.675782  21.917574 28.705
 80    61.430 55001.16050366 40.88  95.674972  21.914274 28.705
 81    63.969 55036.16048780 21.31  95.680952  21.920851 18.367
 81    63.685 55036.16048844 26.84  95.680152  21.917551 18.367
 81    63.644 55036.16048908 41.75  95.679342  21.914261 18.367
 82    66.333 55071.16047686 34.82  95.677523  21.918621 29.238
 82    66.431 55071.16047751 43.82  95.676713  21.915331 29.238
 83    65.220 55106.16042049 29.38  95.680235  21.919292 25.544
 83    65.053 55106.16042114 37.34  95.679435  21.915992 25.544
 84    59.675 55141.16042637 30.90  95.678506  21.921797 14.661
 84    59.751 55141.16042701 30.72  95.677696  21.918507 14.661
 84    59.960 55141.16042766 31.34  95.676896  21.915207 14.661
 85    58.610 55176.16038815 28.53  95.684005  21.923151 12.068
 85    58.846 55176.16038880 31.28  95.683205  21.919851 12.068
 85    58.907 55176.16038944 28.88  95.682395  21.916551 12.068
 87    57.496 55246.16039361 36.08  95.680920  21.921169 17.059
 87    57.908 55246.16039425 29.26  95.680120  21.917869 17.059
 87    57.346 55246.16039490 24.01  95.679310  21.914569 17.059
 88    58.556 55281.16041477 30.59  95.677544  21.919596 10.391
 88    57.745 55281.16041541 29.75  95.676744  21.916296 10.391
 89    62.142 55316.16038145 50.14  95.678524  21.920113 16.670
 89    62.257 55316.16038209 46.83  95.677724  21.916813 16.670
 90    62.254 55351.16038674 20.81  95.678450  21.919706 13.308
 90    61.628 55351.16038738 31.94  95.677650  21.916406 13.308
 91    66.554 55386.16038100 23.00  95.680089  21.921127 22.252
 91    66.604 55386.16038164 28.76  95.679289  21.917827 22.252
 91    66.723 55386.16038228 36.37  95.678479  21.914527 22.252
 93    65.627 55456.16038016 35.49  95.678248  21.920729 26.001
 93    65.144 55456.16038081 33.10  95.677448  21.917429 26.001
 93    65.234 55456.16038145 36.11  95.676638  21.914139 26.001
