-209808.729   148.090     0.00    6.93
-209432.761   146.857    -3.28    6.93
-209056.807   143.615    -8.62    4.98
-208680.866   140.949    -7.09    4.67
-208304.941   138.621    -6.19    4.48
-207929.029   135.187    -9.14    3.98
-207553.131   132.946    -5.96    3.36
-207177.247   131.143    -4.80    2.71
-206801.378   129.830    -3.49    1.95
-206425.522   129.338    -1.31    2.13
-206049.681   129.313    -0.06    2.51
-205673.853   129.258    -0.15    3.20
-205298.040   129.752     1.32    3.77
-204922.241   130.544     2.11    4.83
-204546.456   130.568     0.06    4.47
-204170.685   130.520    -0.13    4.21
-203794.928   130.392    -0.34    3.84
-203419.185   130.435     0.12    3.69
-203043.456   130.521     0.23    4.49
-202667.741   131.411     2.37    5.03
-202292.041   132.787     3.66    6.22
-201916.354   133.496     1.89    6.13
-201540.681   135.544     5.45    6.44
-201165.023   138.663     8.30    8.54
-200789.378   142.711    10.78    9.60
-200413.748   144.973     6.02    9.57
-200038.131   145.258     0.76    9.46
-199662.528   143.533    -4.59   10.21
-199286.940   140.830    -7.20    9.32
-198911.366   137.216    -9.62    7.21
-198535.805   134.846    -6.31    6.12
-198160.259   133.806    -2.77    4.42
-197784.726   133.296    -1.36    3.82
-197409.208   134.639     3.58    4.57
-197033.703   135.449     2.16    3.91
-196658.213   135.711     0.70    4.59
-196282.737   135.020    -1.84    5.59
-195907.274   133.560    -3.89    5.68
-195531.826   132.883    -1.81    6.12
-195156.391   132.996     0.30    5.76
-194780.971   131.973    -2.73    4.10
-194405.564   131.533    -1.17    3.10
-194030.172   131.023    -1.36    3.35
-193654.793   130.314    -1.89    3.28
-193279.429   129.125    -3.17    3.68
-192904.078   128.387    -1.97    3.54
-192528.742   127.496    -2.37    2.97
-192153.419   127.176    -0.85    3.02
-191778.110   127.314     0.37    3.16
-191402.815   127.444     0.34    3.01
-191027.535   127.606     0.43    2.53
-190652.268   127.830     0.60    2.55
-190277.015   128.704     2.33    2.93
-189901.776   129.246     1.45    2.86
-189526.551   129.560     0.84    2.79
-189151.340   129.615     0.15    2.54
-188776.142   129.020    -1.59    1.99
-188400.959   128.520    -1.33    1.52
-188025.790   128.258    -0.70    2.22
-187650.634   127.846    -1.10    2.33
-187275.493   127.460    -1.03    2.29
-186900.365   127.871     1.10    2.48
-186525.251   129.411     4.11    3.12
-186150.152   130.387     2.60    3.13
-185775.066   131.377     2.64    3.09
-185399.994   133.069     4.51    2.76
-185024.935   134.252     3.15    2.66
-184649.891   135.830     4.21    3.54
-184274.861   138.521     7.18    4.14
-183899.844   142.728    11.22    7.65
-183524.842   149.520    18.11   12.21
-183149.853   160.425    29.08   22.21
-182774.878   165.473    13.46   21.61
-182399.917   166.996     4.06   17.27
-182024.970   173.671    17.81   23.34
-181650.037   179.415    15.32   28.03
-181275.118   187.639    21.94   29.45
-180900.212   191.972    11.56   24.58
-180525.321   197.923    15.88   30.09
-180150.443   214.313    43.73   44.32
-179775.579   229.871    41.51   48.55
-179400.729   228.787    -2.89   43.48
-179025.892   221.046   -20.65   29.39
-178651.070   215.401   -15.06   20.94
-178276.261   216.306     2.41   17.44
-177901.467   225.421    24.32   18.60
-177526.686   243.438    48.08   31.77
-177151.918   274.483    82.85   48.83
-176777.165   321.110   124.44   66.46
-176402.426   391.425   187.66   85.67
-176027.700   442.020   135.04   83.76
-175652.988   481.758   106.06   75.91
-175278.290   517.817    96.25   82.73
-174903.606   506.542   -30.10   89.13
-174528.935   470.842   -95.29   76.83
-174154.279   457.568   -35.44   67.16
-173779.636   454.387    -8.49   72.61
-173405.007   469.546    40.47   87.99
-173030.391   472.996     9.21   92.33
-172655.790   455.733   -46.09   94.02
-172281.202   430.216   -68.13   75.70
-171906.628   424.020   -16.54   64.42
-171532.068   441.655    47.09   68.98
-171157.522   462.092    54.57   62.64
-170782.989   448.596   -36.04   57.11
-170408.470   418.401   -80.63   64.71
-170033.965   373.557  -119.76   54.39
-169659.474   341.950   -84.41   40.74
-169284.996   324.972   -45.34   27.77
-168910.532   327.925     7.89   28.24
-168536.082   344.520    44.32   44.55
-168161.646   380.592    96.35   67.78
-167787.223   417.899    99.65   76.55
-167412.814   463.094   120.73   78.29
-167038.419   513.704   135.19   80.36
-166664.038   556.211   113.55   92.67
-166289.670   607.533   137.11   91.69
-165915.316   687.425   213.44  111.85
-165540.976   750.362   168.15  102.66
-165166.649   805.925   148.45   86.31
-164790.545   850.381   118.22   77.37
-164413.480   872.520    58.72   94.85
-164036.429   914.533   111.44  107.94
-163659.391   940.592    69.12  102.13
-163282.368   947.925    19.45  107.67
-162905.358   932.663   -40.49  126.48
-162528.362   907.133   -67.73  139.19
-162151.380   919.923    33.93  139.52
-161774.412   949.687    78.97  130.12
-161397.458   974.069    64.69  113.52
-161020.518   985.049    29.13  118.38
-160643.592   969.655   -40.84  132.30
-160266.679   962.421   -19.20  120.55
-159889.781   970.143    20.49  124.60
-159512.896  1001.557    83.36  122.32
-159136.026  1025.842    64.45  113.64
-158759.169  1042.201    43.41   91.43
-158382.326  1053.253    29.33   59.20
-158005.497  1061.425    21.69   37.70
-157628.681  1056.927   -11.94   43.15
-157251.880  1053.871    -8.11   39.95
-156875.092  1053.519    -0.94   37.88
-156498.319  1052.868    -1.73   39.13
-156121.559  1052.711    -0.42   45.04
-155744.813  1067.092    38.18   49.64
-155368.081  1084.071    45.08   43.58
-154991.362  1087.633     9.45   50.22
-154614.658  1079.286   -22.16   72.38
-154237.967  1051.496   -73.78   89.80
-153861.291  1025.671   -68.57  103.02
-153484.628  1025.163    -1.35   93.80
-153107.978  1038.229    34.69   84.08
-152731.343  1056.176    47.66   66.04
-152354.722  1051.996   -11.10   60.51
-151978.114  1022.068   -79.48   63.98
-151601.520   978.996  -114.38   63.38
-151224.940   941.044  -100.79   52.65
-150848.374   918.546   -59.75   65.59
-150471.821   895.639   -60.84   82.84
-150095.282   864.871   -81.72  103.77
-149718.758   854.118   -28.56  107.51
-149342.247   850.282   -10.19  111.00
-148965.749   845.801   -11.90   84.18
-148589.266   835.948   -26.18   73.35
-148212.796   812.071   -63.43   78.65
-147836.340   766.045  -122.28   92.40
-147459.898   722.596  -115.43   92.93
-147083.469   689.115   -88.95   92.52
-146707.055   629.216  -159.15   81.01
-146330.654   584.206  -119.59   66.31
-145954.267   560.045   -64.20   44.54
-145577.893   568.571    22.66   53.83
-145201.534   620.752   138.66   88.25
-144825.188   677.044   149.59   78.98
-144448.856   705.115    74.60   56.83
-144072.537   702.187    -7.78   55.55
-143696.233   658.896  -115.05   60.11
-143319.942   636.362   -59.89   47.98
-142943.665   627.544   -23.44   43.83
-142567.401   622.925   -12.28   53.60
-142191.151   618.289   -12.32   59.41
-141814.915   599.139   -50.90   81.51
-141438.693   550.826  -128.43  112.85
-141062.485   487.221  -169.08  102.43
-140686.290   461.663   -67.95   83.45
-140310.109   467.338    15.09   79.85
-139933.941   512.850   121.00   99.79
-139557.788   570.546   153.40   91.40
-139181.647   599.575    77.18   84.74
-138805.521   608.182    22.89  102.85
-138429.409   584.121   -63.98   97.31
-138053.310   586.850     7.26   95.60
-137677.224   611.630    65.90  101.42
-137301.153   633.125    57.16  109.42
-136925.095   666.814    89.60  111.29
-136549.051   705.894   103.93  109.46
-136173.020   735.187    77.91  124.38
-135797.003   778.377   114.88  115.27
-135421.000   790.871    33.23  116.25
-135045.010   816.246    67.50  135.82
-134669.035   832.996    44.56  147.39
-134293.072   831.857    -3.03  137.05
-133917.124   809.948   -58.28  135.77
-133541.189   751.663  -155.05  140.96
-133165.268   717.211   -91.66  115.71
-132789.360   729.022    31.42  125.64
-132413.466   765.587    97.29  138.82
-132037.586   787.996    59.62  140.64
-131661.719   736.449  -137.16  161.07
-131285.866   712.289   -64.29  138.41
-130910.026   698.246   -37.37  128.71
-130534.200   692.043   -16.51  131.94
-130158.388   718.654    70.82  130.10
-129782.590   702.240   -43.68  106.88
-129406.805   689.679   -33.43  103.41
-129031.033   650.655  -103.86  117.32
-128655.275   574.377  -203.02  119.79
-128279.531   528.921  -120.99  109.23
-127903.801   475.582  -141.98  108.12
-127528.084   461.387   -37.79  106.10
-127152.380   502.520   109.49  118.32
-126776.691   551.435   130.21  105.77
-126401.014   567.377    42.44   88.44
-126025.352   536.655   -81.79  115.32
-125649.703   442.946  -249.48  110.58
-125274.067   345.777  -258.71  106.39
-124898.445   265.810  -212.91   79.12
-124522.837   228.118  -100.36   55.71
-124147.242   235.568    19.84   73.13
-123771.661   269.996    91.68   93.72
-123396.093   325.696   148.32  112.37
-123020.539   390.582   172.79  113.38
-122644.999   422.948    86.19  108.89
-122269.472   485.899   167.65  110.28
-121893.958   541.216   147.32  110.15
-121518.458   595.411   144.34   98.36
-121142.972   616.321    55.69  100.86
-120767.499   588.758   -73.42  109.74
-120392.040   543.407  -120.80  111.02
-120016.594   488.615  -145.95  111.25
-119641.162   456.211   -86.32   92.50
-119265.743   463.265    18.79  100.46
-118890.338   476.949    36.45  103.38
-118514.947   500.586    62.97   99.78
-118139.568   496.451   -11.02  101.72
-117764.204   498.687     5.96   91.44
-117388.853   497.092    -4.25   77.96
-117013.515   508.473    30.32   71.41
-116638.191   512.733    11.35   66.61
-116262.880   497.087   -41.69   70.05
-115887.583   465.740   -83.53   89.92
-115512.300   396.880  -183.50  113.02
-115137.029   317.473  -211.62  106.18
-114761.773   250.740  -177.85   81.03
-114386.530   230.155   -54.86   49.93
-114011.300   241.838    31.14   54.38
-113636.084   272.471    81.65   65.06
-113260.881   319.509   125.38   62.11
-112885.692   343.143    63.00   37.74
-112510.516   344.901     4.69   29.54
-112135.353   334.766   -27.02   31.96
-111760.205   321.021   -36.64   24.94
-111385.069   317.925    -8.25   25.97
-111009.947   332.533    38.95   29.90
-110634.839   336.948    11.77   39.46
-110259.744   327.615   -24.88   55.10
-109884.662   304.171   -62.51   71.31
-109509.594   282.871   -56.79   77.47
-109134.539   276.460   -17.10   82.97
-108759.498   269.615   -18.25   84.88
-108384.470   268.401    -3.24   82.12
-108009.455   262.568   -15.56   80.20
-107634.454   265.163     6.92   82.45
-107259.466   283.874    49.90   87.76
-106884.492   315.521    84.40   96.01
-106509.531   314.655    -2.31   86.78
-106134.584   288.728   -69.15   82.20
-105759.650   271.313   -46.45   70.06
-105384.729   269.473    -4.91   68.59
-105009.822   284.338    39.65   84.16
-104634.928   290.377    16.11   82.64
-104260.048   284.612   -15.38   82.10
-103885.181   301.925    46.19   92.83
-103510.327   352.509   134.95   99.97
-103135.487   390.089   100.27   86.50
-102760.660   375.734   -38.30   89.05
-102385.847   334.628  -109.68   87.84
-102011.046   296.587  -101.50   78.77
-101636.260   273.646   -61.22   53.83
-101261.486   276.509     7.64   56.54
-100886.726   312.853    96.99   82.68
-100511.980   339.868    72.09   81.40
-100137.246   345.405    14.78   85.72
 -99762.526   352.766    19.64   79.34
 -99387.820   339.752   -34.73   74.97
 -99013.126   345.330    14.89   80.61
 -98638.447   339.996   -14.24   82.81
 -98263.780   342.360     6.31  100.58
 -97889.127   368.073    68.64   94.83
 -97514.487   405.068    98.75   93.95
 -97139.860   418.734    36.48   87.77
 -96765.247   424.704    15.94   73.01
 -96390.647   409.728   -39.98   72.45
 -96016.060   373.946   -95.53   59.52
 -95641.487   365.396   -22.83   59.64
 -95266.927   373.046    20.43   72.17
 -94892.381   420.435   126.53   81.71
 -94517.847   444.758    64.95   66.93
 -94143.327   423.115   -57.79   80.16
 -93768.820   422.853    -0.70   78.70
 -93394.327   415.663   -19.20   79.94
 -93019.847   451.258    95.06   81.45
 -92645.380   492.874   111.14   66.54
 -92270.927   494.752     5.02   80.55
 -91896.486   496.771     5.39   88.83
 -91522.059   481.557   -40.64   77.44
 -91147.646   450.306   -83.47   77.44
 -90773.245   416.068   -91.45   86.01
 -90398.858   406.830   -24.68   74.58
 -90024.484   421.740    39.83   77.65
 -89647.919   468.474   124.11   78.18
 -89270.896   502.777    90.99   60.24
 -88893.886   499.568    -8.51   86.18
 -88516.890   450.330  -130.62  117.48
 -88139.908   379.444  -188.05  110.84
 -87762.939   348.201   -82.88   87.32
 -87385.983   367.046    50.00   83.52
 -87009.041   406.630   105.02   90.54
 -86632.112   419.118    33.13   81.31
 -86255.197   390.945   -74.75  100.16
 -85878.295   340.314  -134.34   91.64
 -85501.406   311.586   -76.23   57.61
 -85124.531   332.143    54.55   72.67
 -84747.669   398.330   175.64   86.78
 -84370.821   447.099   129.42   79.77
 -83993.986   469.064    58.29   65.00
 -83617.165   469.381     0.84   74.22
 -83240.357   460.045   -24.78   82.01
 -82863.563   433.606   -70.17   86.96
 -82486.781   447.121    35.87   82.56
 -82110.014   460.155    34.60   71.49
 -81733.259   449.365   -28.64   70.85
 -81356.518   425.996   -62.03   76.28
 -80979.791   419.830   -16.37   93.18
 -80603.077   433.216    35.54   93.35
 -80226.376   449.234    42.53   89.01
 -79849.689   472.894    62.81   82.62
 -79473.015   461.606   -29.97   95.11
 -79096.354   435.925   -68.19   99.71
 -78719.707   424.069   -31.48   91.36
 -78343.073   387.996   -95.78   73.22
 -77966.452   353.821   -90.75   83.34
 -77589.845   310.396  -115.31   87.57
 -77213.251   259.945  -133.98   89.36
 -76836.671   249.377   -28.06   96.38
 -76460.104   234.533   -39.42  104.28
 -76083.550   234.520    -0.03   98.03
 -75707.010   242.557    21.35   83.24
 -75330.483   226.771   -41.93   70.89
 -74953.969   209.801   -45.07   69.03
 -74577.469   180.996   -76.51   60.98
 -74200.982   157.704   -61.87   50.54
 -73824.508   130.234   -72.97   58.72
 -73448.048    94.777   -94.19   55.35
 -73071.601    59.458   -93.83   40.10
 -72695.167    37.187   -59.17   25.85
 -72318.746    22.996   -37.70   11.28
 -71942.339    17.923   -13.48    7.73
 -71565.946    15.746    -5.78    2.97
 -71189.565    14.923    -2.19    2.86
 -70813.198    14.196    -1.93    2.85
 -70436.844    13.782    -1.10    2.79
 -70060.504    14.216     1.15    2.84
 -69684.176    14.265     0.13    2.72
 -69307.862    13.728    -1.43    2.72
 -68931.562    13.535    -0.51    2.67
 -68555.274    12.639    -2.38    2.39
 -68179.000    12.278    -0.96    2.06
 -67802.739    12.330     0.14    2.04
 -67426.492    12.568     0.63    1.95
 -67050.257    12.471    -0.26    1.75
 -66674.036    12.322    -0.40    2.10
 -66297.829    11.391    -2.47    2.48
 -65921.634    10.624    -2.04    3.04
 -65545.453     9.850    -2.06    3.34
 -65169.285     9.411    -1.17    3.63
 -64793.130     8.717    -1.84    3.61
 -64416.989     8.207    -1.36    3.47
 -64040.861     7.973    -0.62    3.44
 -63664.746     7.546    -1.13    3.30
 -63288.644     6.901    -1.72    2.98
 -62912.555     6.948     0.12    2.83
 -62536.480     7.073     0.33    2.46
 -62160.418     7.782     1.88    2.85
 -61784.369     9.021     3.30    3.08
 -61408.334    10.216     3.18    3.00
 -61032.311    11.289     2.85    2.54
 -60656.302    10.771    -1.38    2.82
 -60280.306    10.094    -1.80    3.03
 -59904.323     9.396    -1.86    3.09
 -59528.354     9.850     1.21    3.08
 -59152.398     9.796    -0.14    2.81
 -58776.454     9.191    -1.61    2.57
 -58400.525     9.069    -0.32    2.56
 -58024.608     9.044    -0.07    2.38
 -57648.704     9.321     0.74    2.63
 -57272.814     9.746     1.13    2.40
 -56896.937     9.425    -0.86    2.45
 -56521.073     8.187    -3.29    2.89
 -56145.222     6.830    -3.61    2.86
 -55769.384     6.020    -2.15    2.72
 -55393.560     5.146    -2.33    2.36
 -55017.749     4.496    -1.73    1.74
 -54641.951     4.171    -0.86    1.58
 -54266.166     4.118    -0.14    1.87
 -53890.394     3.704    -1.10    1.69
 -53514.635     4.044     0.91    2.32
 -53138.890     4.509     1.24    2.96
 -52763.157     5.381     2.32    3.33
 -52387.438     6.306     2.46    3.49
 -52011.732     6.996     1.84    3.41
 -51636.039     7.282     0.76    3.33
 -51260.360     7.972     1.84    3.29
 -50884.693     9.207     3.29    5.09
 -50509.040    10.678     3.92    8.34
 -50133.399    11.945     3.37   10.18
 -49757.772    11.996     0.14    9.51
 -49382.158    10.313    -4.48    4.48
 -49006.557    10.971     1.75    6.47
 -48630.969    10.996     0.07    6.41
 -48255.394    10.637    -0.96    5.96
 -47879.832    10.069    -1.51    4.49
 -47504.284     9.728    -0.91    3.78
 -47128.748     9.096    -1.68    3.41
 -46753.226     8.792    -0.81    2.71
 -46377.717     8.154    -1.70    1.85
 -46002.221     7.877    -0.74    1.84
 -45626.738     8.020     0.38    2.21
 -45251.268     7.752    -0.71    1.95
 -44875.811     7.752     0.00    2.06
 -44500.367     7.253    -1.33    2.07
 -44124.936     7.068    -0.49    1.96
 -43749.518     7.167     0.26    1.82
 -43374.114     7.711     1.45    2.05
 -42998.722     9.167     3.88    2.18
 -42623.344     9.796     1.68    2.40
 -42247.978    10.671     2.33    2.54
 -41872.626    11.596     2.46    2.46
 -41497.287    12.411     2.17    2.79
 -41121.960    12.687     0.73    2.92
 -40746.647    12.639    -0.13    2.57
 -40371.347    12.282    -0.95    2.29
 -39996.060    11.877    -1.08    2.21
 -39620.786    11.306    -1.52    1.97
 -39245.525    11.071    -0.62    1.65
 -38870.277    10.874    -0.52    1.44
 -38495.042    10.996     0.33    1.50
 -38119.820    11.484     1.30    2.20
 -37744.611    12.473     2.63    3.37
 -37369.415    13.330     2.28    3.22
 -36994.232    14.187     2.28    3.06
 -36619.062    15.483     3.46    3.31
 -36243.905    16.592     2.95    3.53
 -35868.761    17.606     2.70    3.24
 -35493.630    18.592     2.63    2.82
 -35118.513    19.425     2.22    2.46
 -34743.408    19.602     0.47    2.84
 -34368.316    20.269     1.78    2.87
 -33993.237    20.971     1.87    2.51
 -33618.171    21.639     1.78    1.96
 -33243.118    22.330     1.84    2.16
 -32868.078    22.817     1.30    2.14
 -32493.051    23.087     0.72    2.30
 -32118.037    23.073    -0.04    2.65
 -31743.036    21.696    -3.67    3.46
 -31368.048    21.606    -0.24    3.38
 -30993.073    22.728     2.99    5.08
 -30618.111    24.950     5.93    6.86
 -30243.162    28.496     9.46    7.00
 -29868.225    32.021     9.40    6.55
 -29493.302    33.568     4.12    7.65
 -29118.392    34.021     1.21    7.90
 -28743.494    34.191     0.46    8.45
 -28368.610    33.446    -1.99    6.93
 -27993.739    33.546     0.27    5.79
 -27618.880    33.446    -0.27    6.11
 -27244.034    32.850    -1.59    5.58
 -26869.202    32.449    -1.07    4.99
 -26494.382    32.330    -0.32    4.58
 -26119.575    33.377     2.80    4.16
 -25744.781    33.606     0.61    4.56
 -25370.000    34.996     3.71    4.92
 -24995.232    36.069     2.86    5.31
 -24620.477    35.338    -1.95    5.57
 -24245.735    34.435    -2.41    5.62
 -23871.005    34.435     0.00    5.77
 -23496.289    33.801    -1.69    5.95
 -23121.585    33.312    -1.31    6.31
 -22746.895    30.853    -6.56    5.61
 -22372.217    28.304    -6.80    5.52
 -21997.552    24.484   -10.20    6.60
 -21622.900    22.687    -4.80    6.49
 -21248.261    21.746    -2.51    6.40
 -20873.635    22.554     2.16    6.02
 -20499.021    23.470     2.44    4.95
 -20124.421    22.136    -3.56    5.37
 -19749.833    19.021    -8.31    5.00
 -19375.259    17.353    -4.45    4.77
 -19000.697    15.282    -5.53    3.83
 -18626.148    13.125    -5.76    2.90
 -18251.612    11.092    -5.43    3.06
 -17877.088     9.150    -5.18    2.21
 -17502.578     8.874    -0.74    2.29
 -17128.080     8.484    -1.04    2.66
 -16753.596     8.411    -0.20    2.99
 -16379.124     8.752     0.91    2.87
 -16004.665     8.791     0.10    2.64
 -15630.218     9.296     1.35    2.46
 -15255.785     9.971     1.80    2.06
 -14881.349    10.187     0.58    1.92
 -14504.356    10.509     0.85    1.73
 -14127.376    10.734     0.60    1.73
 -13750.409    10.557    -0.47    1.64
 -13373.455    10.696     0.37    2.00
 -12996.514    10.460    -0.63    2.35
 -12619.586    10.258    -0.53    3.46
 -12242.671    11.401     3.03    5.41
 -11865.769    12.639     3.28    6.68
 -11488.880    14.696     5.46    7.37
 -11112.004    15.696     2.65    6.68
 -10735.141    15.646    -0.13    5.80
 -10358.291    15.289    -0.95    4.84
  -9981.454    13.704    -4.21    4.85
  -9604.630    11.435    -6.02    5.11
  -9227.819     8.777    -7.06    5.29
  -8851.021     6.458    -6.15    3.71
  -8474.236     5.473    -2.62    2.64
  -8097.464     5.606     0.35    2.47
  -7720.705     6.020     1.10    2.20
  -7343.959     6.068     0.13    2.03
  -6967.225     5.970    -0.26    2.11
  -6590.505     5.633    -0.90    2.33
  -6213.798     5.265    -0.98    2.43
  -5837.103     4.655    -1.62    2.67
  -5460.422     3.948    -1.88    2.99
  -5083.753     3.259    -1.83    2.80
  -4707.097     3.201    -0.16    3.14
  -4330.455     3.346     0.39    3.25
  -3953.825     3.021    -0.86    3.03
  -3577.208     2.387    -1.68    3.11
  -3200.604     1.791    -1.58    2.48
  -2824.013     1.451    -0.90    2.23
  -2447.435     1.483     0.09    2.27
  -2070.870     1.321    -0.43    1.93
  -1694.318     0.874    -1.19    1.40
  -1317.778     0.509    -0.97    1.12
   -941.252     0.554     0.12    1.94
   -564.738     1.207     1.73    3.86
   -188.237     3.371     5.75    8.18
    188.250     7.289    10.41   12.55
    564.725     9.874     6.87   14.19
    941.187    14.044    11.08   19.67
   1317.637    19.996    15.81   24.22
   1694.073    22.196     5.84   25.65
   2070.496    27.271    13.48   31.14
   2446.907    34.338    18.77   33.07
   2823.304    40.923    17.50   36.02
   3199.689    53.094    32.34   41.82
   3576.061    59.121    16.01   43.32
   3952.420    66.371    19.26   50.39
   4328.766    70.187    10.14   51.19
   4705.100    73.874     9.80   52.60
   5081.420    80.592    17.85   54.53
   5457.728    88.191    20.20   52.73
   5834.023    82.871   -14.14   48.33
   6210.305    77.321   -14.75   41.31
   6586.574    80.265     7.82   41.11
   6962.830    85.826    14.78   38.28
   7339.073    96.923    29.50   34.42
   7715.304   104.313    19.64   37.22
   8091.522   110.850    17.37   35.63
   8467.727   112.355     4.00   34.01
   8843.919   112.377     0.06   29.43
   9220.098   107.387   -13.27   25.04
   9596.265   102.806   -12.18   26.09
   9972.419    92.821   -26.54   28.32
  10348.560    78.812   -37.24   28.80
  10724.688    64.928   -36.91   26.45
  11100.803    56.996   -21.09   19.20
  11476.906    63.313    16.80   22.57
  11852.995    82.606    51.30   27.74
  12229.072    94.150    30.70   24.09
  12605.136    96.724     6.84   23.62
  12981.188    97.125     1.07   22.38
  13357.226    90.582   -17.40   22.35
  13733.252    81.509   -24.13   21.54
  14109.265    72.535   -23.87   18.29
  14485.265    68.155   -11.65   19.56
  14861.253    70.233     5.53   24.46
  15237.228    75.874    15.00   27.11
  15613.189    79.021     8.37   26.87
  15989.139    78.411    -1.62   25.86
  16365.075    76.392    -5.37   21.06
  16740.999    72.496   -10.36   14.64
  17116.910    71.721    -2.06   11.88
  17492.808    71.711    -0.03   10.10
  17868.693    72.338     1.67    6.96
  18244.566    74.711     6.31    6.80
  18620.426    76.546     4.88    5.27
  18996.273    79.396     7.58    5.73
  19372.108    81.663     6.03    5.68
  19747.930    82.758     2.91    5.16
  20123.739    82.948     0.50    6.00
  20499.535    81.509    -3.83    5.52
  20875.318    77.655   -10.25    7.36
  21251.089    72.546   -13.59    8.39
  21626.848    67.582   -13.21    7.96
  22002.593    62.568   -13.34    5.75
  22378.326    58.679   -10.35    6.21
  22754.046    53.826   -12.92    6.70
  23129.753    49.071   -12.65    6.28
  23505.448    43.696   -14.31    5.91
  23881.130    39.201   -11.96    5.32
  24256.799    34.874   -11.52    5.15
  24632.456    30.752   -10.97    5.09
  25008.100    28.850    -5.06    4.93
  25383.731    27.221    -4.34    5.27
  25759.349    25.944    -3.40    5.41
  26134.955    26.973     2.74    5.65
  26510.548    29.381     6.41    6.91
  26886.129    32.211     7.53    5.95
  27261.697    33.146     2.49    4.95
  27637.252    32.919    -0.60    4.66
  28012.794    31.428    -3.97    5.00
  28388.324    29.945    -3.95    5.45
  28763.842    29.996     0.14    5.32
  29139.346    31.387     3.70    6.84
  29514.838    34.094     7.21    7.27
  29890.317    39.633    14.75    7.63
  30265.784    42.102     6.58    7.75
  30641.238    44.949     7.58    6.02
  31016.679    50.234    14.08    7.11
  31392.108    54.509    11.38    7.90
  31767.524    59.289    12.73    6.50
  32142.928    61.740     6.53    5.51
  32518.318    64.557     7.51    5.98
  32893.697    66.496     5.17    6.14
  33269.062    68.801     6.14    5.00
  33644.415    69.484     1.82    5.10
  34019.756    71.191     4.55    5.10
  34395.083    73.646     6.54    5.37
  34770.399    76.355     7.22    5.48
  35145.701    78.484     5.67    5.39
  35520.991    80.758     6.06    5.04
  35896.269    81.746     2.63    4.31
  36271.533    79.758    -5.30    5.65
  36646.786    76.946    -7.49    6.67
  37022.025    72.509   -11.83    6.98
  37397.252    69.746    -7.36    7.32
  37772.467    66.972    -7.39    7.57
  38147.669    64.571    -6.40    7.54
  38522.858    60.387   -11.15    7.71
  38898.035    56.258   -11.00    7.84
  39273.199    54.483    -4.73    7.40
  39648.350    57.258     7.40    7.70
  40023.489    61.022    10.03    6.42
  40398.616    63.758     7.29    4.85
  40773.730    64.925     3.11    4.83
  41148.831    64.571    -0.94    4.81
  41523.920    65.834     3.36    4.74
  41898.996    66.154     0.85    5.17
  42274.060    66.415     0.70    6.37
  42649.111    67.521     2.95    7.21
  43024.150    66.425    -2.92    7.04
  43399.176    65.401    -2.73    5.91
  43774.190    63.381    -5.39    6.80
  44149.191    59.996    -9.03    7.38
  44524.179    56.759    -8.63    6.01
  44899.155    53.728    -8.08    5.22
  45274.119    51.771    -5.22    5.40
  45649.070    48.509    -8.70    7.08
  46024.008    42.826   -15.16    8.15
  46398.934    38.321   -12.01    7.43
  46773.848    35.196    -8.33    6.02
  47148.749    34.296    -2.40    6.00
  47523.637    36.473     5.80    7.53
  47898.513    38.546     5.53    6.73
  48273.377    39.758     3.23    7.13
  48648.228    38.655    -2.94    7.85
  49023.066    35.714    -7.84    7.55
  49397.892    36.096     1.02    6.89
  49772.706    37.071     2.60    7.67
  50147.507    42.484    14.44    8.31
  50522.295    46.533    10.80    8.08
  50897.071    48.973     6.51    6.79
  51271.835    52.948    10.61    6.43
  51646.586    57.022    10.87    5.52
  52021.325    60.345     8.87    4.47
  52396.051    62.313     5.25    3.57
  52770.765    62.435     0.33    3.72
  53145.466    60.655    -4.75    5.20
  53520.155    57.207    -9.20    5.61
  53894.831    55.201    -5.35    5.52
  54269.495    54.868    -0.89    5.94
  54644.147    54.728    -0.37    5.48
  55018.786    54.167    -1.50    5.37
  55393.413    53.330    -2.24    4.93
  55768.027    54.155     2.20    5.18
  56142.629    55.891     4.63    5.26
  56517.218    59.021     8.36    5.48
  56891.795    60.606     4.23    5.98
  57266.360    63.045     6.51    5.58
  57640.912    65.163     5.65    5.55
  58015.451    67.022     4.96    5.58
  58389.979    70.021     8.01    6.13
  58764.494    73.483     9.24    7.12
  59138.996    76.826     8.92    7.00
  59513.486    80.728    10.42    7.51
  59887.964    82.679     5.21    6.65
  60262.912    85.411     7.29    5.12
  60639.868    86.421     2.68    3.13
  61016.811    85.521    -2.39    2.85
  61393.742    83.949    -4.17    3.39
  61770.660    81.777    -5.76    3.31
  62147.566    80.240    -4.08    2.98
  62524.459    77.948    -6.08    3.33
  62901.340    75.655    -6.08    3.90
  63278.208    73.689    -5.22    4.31
  63655.063    71.115    -6.83    4.47
  64031.906    68.752    -6.27    4.31
  64408.736    66.853    -5.04    4.53
  64785.554    64.596    -5.99    4.33
  65162.360    62.812    -4.73    3.68
  65539.152    62.043    -2.04    3.48
  65915.933    60.679    -3.62    3.90
  66292.700    59.411    -3.37    4.02
  66669.456    57.069    -6.21    3.53
  67046.198    56.575    -1.31    4.06
  67422.928    55.974    -1.60    4.11
  67799.646    55.546    -1.13    4.13
  68176.351    54.289    -3.34    3.81
  68553.044    53.923    -0.97    3.44
  68929.724    55.099     3.12    4.32
  69306.392    56.905     4.80    4.63
  69683.047    58.612     4.53    3.77
  70059.690    59.046     1.15    3.45
  70436.320    57.850    -3.18    3.47
  70812.938    56.150    -4.51    3.80
  71189.543    54.392    -4.67    4.45
  71566.136    52.128    -6.01    3.92
  71942.716    49.871    -5.99    4.39
  72319.284    47.143    -7.25    4.48
  72695.839    45.265    -4.99    4.64
  73072.382    42.557    -7.19    4.82
  73448.912    40.917    -4.36    4.85
  73825.430    38.821    -5.57    4.30
  74201.936    37.471    -3.59    4.65
  74578.429    37.655     0.49    3.92
  74954.909    37.460    -0.52    3.23
  75331.377    36.996    -1.23    3.35
  75707.833    36.407    -1.57    3.95
  76084.276    35.621    -2.09    4.37
  76460.707    34.216    -3.73    4.37
  76837.125    32.557    -4.41    4.70
  77213.531    31.568    -2.63    4.62
  77589.925    29.606    -5.21    4.08
  77966.306    28.689    -2.44    4.43
  78342.674    27.521    -3.10    4.98
  78719.030    25.346    -5.78    5.04
  79095.374    23.411    -5.14    4.99
  79471.706    21.240    -5.77    4.85
  79848.025    20.265    -2.59    5.15
  80224.331    18.460    -4.80    5.61
  80600.625    16.945    -4.03    5.30
  80976.907    15.582    -3.62    4.57
  81353.176    13.509    -5.51    4.04
  81729.433    12.021    -3.95    3.34
  82105.678    10.234    -4.75    2.16
  82481.910     9.444    -2.10    1.52
  82858.130     9.496     0.14    1.53
  83234.337     9.313    -0.49    1.81
  83610.532     9.289    -0.06    1.91
  83986.715     9.557     0.71    1.86
  84362.885     9.391    -0.44    2.02
  84739.043     9.043    -0.93    1.93
  85115.188     8.996    -0.12    1.83
  85491.321     8.734    -0.70    1.70
  85867.442     8.973     0.63    1.77
  86243.550     9.535     1.49    1.57
  86619.646     9.592     0.15    1.48
  86995.730     9.714     0.33    1.26
  87371.801     9.289    -1.13    1.50
  87747.860     9.143    -0.39    1.33
  88123.907     9.296     0.41    1.36
  88499.941     9.606     0.82    1.55
  88875.963    10.421     2.17    2.34
  89251.973    11.704     3.41    2.24
  89627.970    12.546     2.24    2.15
  90003.955    12.435    -0.30    2.37
  90379.928    11.696    -1.97    2.57
  90755.888    10.387    -3.48    2.53
  91131.836     9.387    -2.66    1.92
  91507.772     9.265    -0.32    1.63
  91883.695     9.021    -0.65    1.59
  92259.606     8.758    -0.70    1.57
  92635.505     8.655    -0.27    1.54
  93011.391     8.484    -0.45    1.60
  93387.265     8.714     0.61    1.73
  93763.127     8.371    -0.91    1.84
  94138.977     7.796    -1.53    1.88
  94514.814     7.313    -1.28    1.72
  94890.639     7.115    -0.53    1.53
  95266.451     7.196     0.22    1.68
  95642.252     6.901    -0.79    1.91
  96018.040     6.996     0.25    1.93
  96393.816     7.338     0.91    2.37
  96769.579     8.069     1.95    2.45
  97145.330     9.771     4.53    2.78
  97521.069    10.592     2.18    2.51
  97896.796    10.391    -0.53    2.32
  98272.511     9.973    -1.11    2.48
  98648.213     8.946    -2.73    2.51
  99023.903     8.568    -1.01    2.79
  99399.580     7.758    -2.15    2.61
  99775.246     6.766    -2.64    2.10
 100150.899     6.377    -1.03    2.26
 100526.540     5.612    -2.04    2.05
 100902.169     5.187    -1.13    1.70
 101277.785     4.728    -1.22    1.05
 101653.389     4.766     0.10    1.13
 102028.981     4.734    -0.08    0.96
 102404.561     4.821     0.23    1.03
 102780.128     5.362     1.44    1.32
 103155.684     5.946     1.56    1.30
 103531.227     6.387     1.17    1.28
 103906.758     6.546     0.43    1.45
 104282.276     6.582     0.09    1.43
 104657.783     7.069     1.30    1.77
 105033.277     7.544     1.26    2.10
 105408.759     7.871     0.87    2.19
 105784.229     7.806    -0.17    2.19
 106159.686     8.021     0.57    2.31
 106535.132     7.240    -2.08    2.50
 106910.565     6.696    -1.45    2.73
 107285.986     5.460    -3.29    2.67
 107661.395     4.446    -2.70    2.31
 108036.791     4.021    -1.13    1.75
 108412.176     3.806    -0.57    1.86
 108787.548     3.663    -0.38    2.30
 109162.908     2.925    -1.97    2.72
 109538.256     2.176    -2.00    2.60
 109913.592     1.734    -1.18    2.62
 110288.915     0.806    -2.47    3.00
 110664.227     0.046    -2.02    2.93
 111039.526    -1.051    -2.92    2.44
 111414.813    -1.898    -2.26    1.43
 111790.088    -1.932    -0.09    1.28
 112165.351    -1.979    -0.12    1.23
 112540.601    -1.735     0.65    1.23
 112915.840    -1.670     0.17    1.26
 113291.066    -1.619     0.14    1.33
 113666.280    -1.170     1.20    1.43
 114041.482    -0.542     1.67    1.88
 114416.672    -0.027     1.37    1.80
 114791.850     0.546     1.53    1.71
 115167.016     2.071     4.06    2.85
 115542.169     4.121     5.46    3.07
 115917.311     6.896     7.40    3.35
 116292.440    10.752    10.28    5.22
 116667.557    15.216    11.90    6.24
 117042.662    19.306    10.90    6.16
 117417.755    23.571    11.37    4.17
 117792.836    25.973     6.40    3.60
 118167.905    27.801     4.88    5.01
 118542.961    28.396     1.59    6.65
 118918.006    28.396     0.00    7.24
 119293.038    28.289    -0.29    6.81
 119668.059    26.896    -3.71    5.84
 120043.067    27.533     1.70    5.14
 120418.063    30.355     7.53    4.95
 120793.047    34.068     9.90    6.05
 121168.019    40.689    17.66    9.11
 121542.979    46.289    14.93    9.16
 121917.927    52.306    16.05    9.15
 122292.863    57.421    13.64    8.68
 122667.787    56.401    -2.72    9.55
 123042.698    57.865     3.90    9.92
 123417.598    58.438     1.53   11.77
 123792.485    59.046     1.62   12.72
 124167.361    62.996    10.54    9.98
 124542.224    62.734    -0.70    9.61
 124917.076    58.689   -10.79    9.80
 125291.915    55.258    -9.15    9.89
 125666.742    48.150   -18.96    9.52
 126041.557    45.877    -6.06   10.25
 126416.360    40.921   -13.22   10.96
 126791.152    36.971   -10.54   11.50
 127165.931    34.996    -5.27   12.12
 127540.698    31.771    -8.60   13.00
 127915.453    29.484    -6.10   10.77
 128290.196    25.721   -10.04    9.43
 128664.927    22.615    -8.29    7.89
 129039.646    20.046    -6.86    6.56
 129414.353    16.734    -8.84    6.73
 129789.048    13.704    -8.09    6.47
 130163.731    10.391    -8.84    6.11
 130538.402     5.871   -12.06    6.40
 130913.061     1.771   -10.94    6.10
 131287.707    -2.735   -12.03    4.70
 131662.342    -5.931    -8.53    3.56
 132036.965    -8.079    -5.73    2.69
 132411.576    -8.885    -2.15    2.40
 132786.175    -9.696    -2.17    1.92
 133160.762    -9.718    -0.06    1.69
 133535.337   -10.004    -0.76    1.48
 133909.900    -9.638     0.98    1.56
 134284.451    -9.623     0.04    1.74
 134658.990    -9.951    -0.88    1.72
 135033.517    -9.190     2.03    2.32
 135408.967    -8.454     1.96    2.47
 135785.881    -8.361     0.25    2.48
 136162.783    -9.027    -1.77    2.82
 136539.673   -10.414    -3.68    2.15
 136916.551   -11.408    -2.64    1.52
 137293.417   -11.901    -1.31    1.31
 137670.271   -12.194    -0.78    1.37
 138047.113   -12.154     0.11    1.44
 138423.942   -12.183    -0.08    1.35
 138800.760   -12.027     0.41    1.22
 139177.565   -11.829     0.53    1.41
 139554.358   -11.099     1.94    2.00
 139931.140   -11.223    -0.33    2.71
 140307.909   -13.104    -4.99    3.59
 140684.666   -14.804    -4.51    3.26
 141061.410   -15.925    -2.98    2.33
 141438.143   -15.517     1.08    2.49
 141814.864   -15.385     0.35    2.55
 142191.573   -14.296     2.89    3.00
 142568.269   -13.296     2.65    3.23
 142944.954   -11.754     4.10    2.74
 143321.626   -10.311     3.83    1.47
 143698.286    -9.645     1.77    1.90
 144074.935    -8.882     2.03    2.09
 144451.571    -7.809     2.85    2.11
 144828.195    -7.054     2.00    2.15
 145204.807    -6.079     2.59    1.85
 145581.407    -4.609     3.90    3.31
 145957.995    -1.174     9.12    5.31
 146334.571     2.996    11.07    5.37
 146711.135     7.118    10.95    4.42
 147087.687    10.571     9.17    4.57
 147464.227    13.786     8.54    4.31
 147840.755    16.368     6.86    3.60
 148217.270    18.073     4.53    2.77
 148593.774    18.846     2.05    2.42
 148970.266    20.021     3.12    2.50
 149346.746    20.894     2.32    3.01
 149723.213    21.905     2.69    3.15
 150099.669    23.355     3.85    3.28
 150476.113    23.801     1.18    3.47
 150852.544    24.346     1.45    3.28
 151228.964    25.176     2.20    3.28
 151605.372    26.601     3.79    3.86
 151981.767    28.049     3.85    3.55
 152358.151    28.646     1.59    3.50
 152734.522    31.801     8.38    3.89
 153110.882    33.826     5.38    4.67
 153487.230    36.972     8.36    5.46
 153863.565    40.259     8.73    5.19
 154239.889    44.021    10.00    5.31
 154616.201    47.321     8.77    5.11
 154992.500    49.728     6.40    5.38
 155368.788    51.826     5.57    4.85
 155745.064    52.996     3.11    4.39
 156121.328    54.817     4.84    4.43
 156497.580    57.125     6.13    4.23
 156873.819    59.371     5.97    4.45
 157250.047    63.671    11.43    5.41
 157626.263    67.826    11.04    6.72
 158002.467    73.728    15.69    7.87
 158378.659    79.549    15.47    6.47
 158754.839    84.296    12.62    5.96
 159131.008    88.671    11.63    7.31
 159507.164    92.460    10.07    7.55
 159883.308    96.630    11.09    7.03
 160259.440    98.746     5.62    7.32
 160635.561    98.377    -0.98    9.22
 161011.669    98.432     0.15    9.86
 161387.766    99.972     4.09   10.04
 161763.850   103.557     9.53    9.99
 162139.923   108.746    13.80    9.23
 162515.984   114.615    15.60    9.01
 162892.033   119.259    12.35    8.96
 163268.070   121.996     7.28    8.99
 163644.095   125.946    10.50    7.94
 164020.108   128.321     6.32    7.50
 164396.109   130.639     6.16    7.48
 164772.098   133.868     8.59    9.25
 165148.076   137.401     9.40   11.95
 165524.041   139.121     4.57   14.76
 165899.995   143.045    10.44   14.85
 166275.937   140.446    -6.91   14.35
 166651.867   136.612   -10.20   10.29
 167027.784   132.687   -10.44    9.25
 167403.691   128.663   -10.70    8.47
 167779.585   126.850    -4.82    9.54
 168155.467   122.826   -10.71   11.36
 168531.338   116.846   -15.91   10.49
 168907.196   113.196    -9.71   11.39
 169283.043   110.048    -8.38   10.62
 169658.878   110.046    -0.00   10.90
 170034.701   111.401     3.60   11.15
 170410.512   110.946    -1.21   10.88
 170786.311   109.258    -4.49   11.82
 171162.099   103.096   -16.40   12.78
 171537.874    96.740   -16.91   11.68
 171913.638    96.099    -1.71    9.89
 172289.390    98.948     7.58    9.90
 172665.130   106.679    20.57   11.42
 173040.858   112.971    16.74    8.62
 173416.575   114.146     3.13    7.24
 173792.279   112.233    -5.09    8.77
 174167.972   108.163   -10.83    8.23
 174543.653   106.330    -4.88    6.90
 174919.322   107.752     3.79    6.61
 175294.979   107.696    -0.15    6.90
 175670.625   104.842    -7.60    8.67
 176046.258    99.246   -14.90    7.96
 176421.880    98.125    -2.99    6.80
 176797.490   102.338    11.22    9.17
 177173.088   109.921    20.19   11.35
 177548.675   116.996    18.83   10.89
 177924.250   122.814    15.49    9.56
 178299.812   127.681    12.96    8.52
 178675.363   132.021    11.56    9.00
 179050.903   137.234    13.88   10.31
 179426.430   142.338    13.59   12.82
 179801.946   149.853    20.01   12.37
 180177.450   157.689    20.86    9.20
 180552.942   163.021    14.20    8.67
 180928.422   163.596     1.53    7.88
 181303.891   158.411   -13.81   10.04
 181679.348   151.196   -19.21   11.42
 182054.793   145.771   -14.45    9.54
 182430.226   144.313    -3.88    8.30
 182805.647   144.146    -0.44   10.33
 183181.057   149.246    13.58   10.50
 183556.455   151.871     6.99    8.46
 183931.841   148.546    -8.86    9.20
 184307.216   146.411    -5.69   10.24
 184682.579   142.679    -9.94   10.23
 185057.930   138.509   -11.11    9.68
 185433.269   135.253    -8.67   10.98
 185808.596   127.901   -19.58   10.55
 186183.912   121.728   -16.45    8.44
 186559.216   116.871   -12.94    6.69
 186934.509   112.821   -10.79    5.37
 187309.789   109.049   -10.05    6.26
 187685.058   103.746   -14.13    8.20
 188060.315    97.596   -16.39    8.49
 188435.561    93.371   -11.26    7.78
 188810.794    88.557   -12.83    4.81
 189186.016    86.253    -6.14    4.15
 189561.227    84.377    -5.00    3.87
 189936.425    81.894    -6.62    3.75
 190311.612    80.546    -3.59    3.07
 190686.787    79.826    -1.92    2.61
 191061.951    80.191     0.98    2.87
 191437.103    82.630     6.50    5.29
 191812.243    86.207     9.53    7.08
 192187.371    89.396     8.50    6.75
 192562.488    92.871     9.26    6.32
 192937.593    97.289    11.78    7.01
 193312.686   102.396    13.61    7.42
 193687.768   107.216    12.85    7.93
 194062.838   111.896    12.48    7.04
 194437.897   114.073     5.80    5.63
 194812.943   115.596     4.06    5.20
 195187.978   117.046     3.87    6.12
 195563.002   118.874     4.87    6.60
 195938.013   122.069     8.52    6.46
 196313.013   124.496     6.47    5.33
 196688.002   125.557     2.83    4.83
 197062.979   126.791     3.29    4.79
 197437.944   126.533    -0.69    6.38
 197812.897   123.996    -6.76    7.05
 198187.839   122.046    -5.20    6.82
 198562.769   118.544    -9.34    5.63
 198937.688   116.812    -4.62    4.68
 199312.595   115.136    -4.47    4.83
 199687.490   112.446    -7.17    6.18
 200062.373   110.777    -4.45    6.49
 200437.245   107.639    -8.37    5.53
 200812.106   104.560    -8.21    5.16
 201186.955   101.401    -8.43    5.77
 201561.792    97.330   -10.86    5.57
 201936.617    95.446    -5.02    5.16
 202311.431    93.596    -4.94    4.89
 202686.234    93.896     0.80    4.31
 203061.024    95.362     3.91    4.83
 203435.803    98.663     8.81    5.84
 203810.571   102.946    11.43    5.66
 204185.327   107.196    11.34    5.09
 204560.071   110.925     9.95    5.78
 204934.804   115.296    11.66    6.49
 205309.525   119.258    10.57    7.31
 205684.235   123.921    12.44    6.95
 206058.933   128.838    13.12    6.94
 206433.619   134.796    15.90    8.60
 206808.294   138.496     9.87    7.63
 207182.957   140.921     6.47    7.59
 207557.609   143.143     5.93    7.79
 207932.249   144.125     2.62    6.70
 208306.878   142.520    -4.28    7.29
 208681.495   139.560    -7.90    8.44
 209056.100   134.306   -14.02    9.11
 209430.694   127.191   -18.99    8.49
 209805.276   122.371   -12.87    7.43
 210179.847   118.711    -9.77    6.58
 210555.772   119.181     1.25    7.68
 210932.648   121.758     6.84    9.40
 211309.512   126.121    11.58    9.20
 211686.364   127.728     4.26    9.52
 212063.205   124.877    -7.56    8.95
 212440.034   125.073     0.52    7.42
 212816.852   124.401    -1.78    6.42
 213193.657   123.240    -3.08    7.04
 213570.451   118.972   -11.33    9.75
 213947.234   113.167   -15.40    8.46
 214324.004   109.099   -10.80    7.49
 214700.764   107.696    -3.72    6.30
 215077.511   106.483    -3.22    6.22
 215454.247   105.460    -2.72    6.89
 215830.971   104.896    -1.50    6.85
 216207.683   103.663    -3.27    6.40
 216584.384   105.471     4.80    6.58
 216961.073   108.896     9.09    6.39
 217337.750   112.371     9.22    7.59
 217714.416   116.546    11.08    7.41
 218091.070   119.321     7.37    8.02
 218467.713   123.484    11.05    8.74
 218844.344   130.073    17.49    9.26
 219220.963   136.921    18.18    8.35
 219597.571   139.304     6.33    6.69
 219974.167   137.801    -3.99    7.34
 220350.751   135.021    -7.38    8.12
 220727.324   132.782    -5.94    7.40
 221103.885   131.167    -4.29    7.72
 221480.435   128.201    -7.87   10.22
 221856.972   121.229   -18.51   12.79
 222233.499   114.996   -16.55   10.17
 222610.013   114.821    -0.46   10.03
 222986.516   119.069    11.28   10.98
 223363.008   123.417    11.55    8.92
 223739.488   120.624    -7.42   11.32
 224115.956   114.746   -15.61   12.90
 224492.413   109.630   -13.59   11.01
 224868.858   105.094   -12.05    7.14
 225245.291   106.586     3.96    6.76
 225621.713   109.044     6.53    7.33
 225998.124   114.176    13.63    9.28
 226374.523   118.533    11.57   10.00
 226750.910   124.621    16.17   10.43
 227127.285   130.817    16.46    8.38
 227503.649   134.045     8.58    7.37
 227880.002   134.838     2.11    9.08
 228256.343   132.362    -6.58   10.00
 228632.672   126.118   -16.59   10.87
 229008.990   119.946   -16.40   10.76
 229385.296   117.696    -5.98    7.79
 229761.591   118.023     0.87    7.13
 230137.874   122.125    10.90    8.64
 230514.146   123.606     3.94    7.75
 230890.406   123.096    -1.35    6.65
 231266.654   125.734     7.01    7.86
 231642.891   128.721     7.94    9.16
 232019.117   139.150    27.72   13.18
 232395.331   150.996    31.48   14.50
 232771.533   156.606    14.91   12.60
 233147.724   156.509    -0.26   12.63
 233523.903   150.421   -16.18   13.37
 233900.071   144.796   -14.95   10.69
 234276.227   143.286    -4.02   10.18
 234652.372   141.711    -4.19    9.39
 235028.505   141.338    -0.99    8.21
 235404.627   139.621    -4.56    6.23
 235780.737   137.696    -5.12    6.64
 236156.836   137.637    -0.16    7.25
 236532.923   140.951     8.81    8.99
 236908.999   142.637     4.48    9.40
 237285.063   144.096     3.88    9.11
 237661.116   143.655    -1.17    7.96
 238037.157   143.868     0.57    7.12
 238413.187   147.473     9.58    8.44
 238789.205   153.125    15.03    8.87
 239165.212   159.371    16.61    8.45
 239541.208   166.948    20.15    9.74
 239917.191   174.972    21.34   12.06
 240293.164   180.509    14.72   11.37
 240669.125   187.312    18.09   12.63
 241045.074   188.021     1.89   11.26
 241421.012   192.246    11.24   11.02
 241796.939   198.996    17.95   13.88
 242172.854   211.296    32.71   22.50
 242548.758   225.460    37.67   24.85
 242924.650   243.171    47.11   31.53
 243300.530   250.471    19.42   33.08
 243676.400   253.521     8.11   34.56
 244052.257   247.509   -15.99   35.75
 244428.104   230.696   -44.72   28.45
 244803.939   218.970   -31.20   17.29
 245179.762   213.342   -14.97   16.24
