# NaN NaN NaN ;Mean Elev.(m), Avg Gradient(m/km), RMS Gradient(m/km) - SRTM1     
#   -5.803  -7.127  11.807 ;Mean Elev.(m), Avg Gradient(m/km), RMS Gradient(m/km) - ASTER GDEM
#   28.182  -6.698   9.473 ;Mean Elev.(m), Avg Gradient(m/km), RMS Gradient(m/km) - GMTED2010 
  8  95.152146  19.762330    40.789    40.729  8 52481.16097679 22.819
  9  95.157598  19.755219    49.033    42.665  3 52516.16092969 31.524
 10  95.154293  19.765060    39.687    40.277  7 52551.16097559 23.874
 11  95.160807  19.747977    44.201    44.201  2 52586.16095130 14.018
 12  95.152616  19.758635    35.907    30.102  3 52621.16092820 25.213
 15  95.157618  19.757980    27.323    27.312  3 52726.16095815 46.000
 16  95.141342  19.749562    28.353    28.340  5 52761.16097628 28.009
 17  95.161601  19.748356    54.880    54.880  2 52796.16093437 13.846
 20  95.155407  19.764566    39.163    40.546  6 52901.16107018 26.570
 21  95.153300  19.764215    34.401    34.410  8 52936.16101155 47.190
 22  95.156587  19.761365    33.316    32.564  3 52971.16103605 16.337
 23  95.150031  19.759651    32.138    28.895  6 53006.16105032 21.114
 24  95.156761  19.763608    27.797    27.739  7 53041.16100118 49.721
 25  95.152254  19.762207    27.553    27.612  8 53076.16103447 49.936
 26  95.153467  19.764038    31.293    31.253  7 53111.16100394 14.945
 27  95.155248  19.765141    61.892    59.525  6 53146.16104631 10.039
 29  95.155745  19.764343    42.053    42.055  6 53216.16107717 30.535
 30  95.150923  19.760423    39.502    39.575  7 53251.16105663 22.800
 31  95.153370  19.763877    41.075    40.321  8 53286.16104881 22.673
 33  95.159359  19.752119    29.300    29.300  2 53356.16099668 23.798
 34  95.157088  19.759242    28.200    28.194  4 53391.16100793 27.702
 35  95.158938  19.754059    28.763    28.763  2 53426.16100549 30.043
 37  95.148888  19.757881    32.629    30.159  6 53496.16109475 25.199
 39  95.149086  19.758881    46.285    47.758  6 53566.16109840 16.491
 40  95.157272  19.760521    43.541    42.490  4 53601.16104128 21.576
 41  95.155204  19.763048    38.490    40.082  3 53636.16103803 33.350
 42  95.151771  19.761953    43.297    42.079  7 53671.16105959 19.254
 43  95.159976  19.750720    32.823    32.823  2 53706.16099371 17.965
 44  95.157344  19.759370    36.437    34.328  5 53741.16090534 23.604
 46  95.157761  19.763334    28.125    27.873  7 53811.16090701 46.728
 47  95.155822  19.762647    33.352    29.907  6 53846.16095508 24.314
 48  95.159845  19.751396    52.848    52.848  2 53881.16098132 12.187
 49  95.148391  19.756837    34.764    35.112  3 53916.16103972 15.696
 52  95.157809  19.754405    36.852    36.852  2 54021.16102363 51.723
 54  95.156119  19.759866    36.710    28.389  3 54091.16099994 18.117
 55  95.158760  19.753852    27.424    27.424  2 54126.16093130 32.237
 56  95.156131  19.763170    31.473    32.597  6 54161.16096722 23.998
 57  95.157820  19.755710    27.542    27.247  3 54196.16093312 30.898
 58  95.156797  19.756311    43.943    47.896  3 54231.16098074 17.096
 59  95.157237  19.756548    51.919    51.658  3 54266.16099821 14.137
 61  95.157744  19.764228    42.321    42.567  7 54336.16098968 25.841
 63  95.156960  19.764743    34.644    34.655  6 54406.16093453 39.069
 64  95.158840  19.752053    38.509    38.509  2 54441.16089460 15.955
 65  95.157479  19.755197    28.551    28.539  3 54476.16092401 24.135
 66  95.158424  19.753965    28.471    28.471  2 54511.16091030 23.145
 68  95.157882  19.754754    33.975    33.862  3 54581.16090526 12.012
 69  95.157529  19.756422    50.677    50.677  2 54616.16092686 15.444
 70  95.156799  19.765345    43.413    42.713  7 54651.16093817 18.896
 71  95.157112  19.765490    38.708    38.764  7 54686.16093048 29.477
 73  95.157566  19.764919    37.689    37.497  7 54756.16090586 36.814
 74  95.157329  19.756964    31.968    31.997  3 54791.16087852 41.428
 75  95.157247  19.756521    30.275    31.017  3 54826.16090377 27.703
 76  95.158300  19.753727    28.563    28.563  2 54861.16087268 32.637
 77  95.155632  19.763046    31.927    30.164  5 54896.16090376 25.794
 78  95.157591  19.761175    33.566    33.713  5 54931.16086816 28.113
 79  95.157743  19.764072    29.407    28.933  7 54966.16090343 26.098
 80  95.155422  19.765759    52.185    52.389  6 55001.16092367 16.422
 82  95.156907  19.765093    38.378    38.056  7 55071.16089784 36.044
 83  95.156892  19.755977    36.655    36.679  3 55106.16084340 34.564
 84  95.156586  19.763354    30.757    30.826  6 55141.16084831 18.681
 85  95.158607  19.751531    28.552    28.552  2 55176.16081267 21.938
 87  95.157620  19.757822    26.602    26.571  3 55246.16081651 39.535
 88  95.156461  19.764368    27.064    26.986  6 55281.16083606 32.605
 89  95.156952  19.763285    31.127    31.113  7 55316.16080306 49.514
 90  95.156589  19.761283    34.585    34.585  2 55351.16080868 13.913
 91  95.157931  19.762697    40.035    40.035  2 55386.16080294 20.787
 92  95.157356  19.757407    42.498    42.244  3 55421.16082732 17.123
