# NaN NaN NaN ;Mean Elev.(m), Avg Gradient(m/km), RMS Gradient(m/km) - SRTM1     
#   43.739  -1.224   4.518 ;Mean Elev.(m), Avg Gradient(m/km), RMS Gradient(m/km) - ASTER GDEM
#   61.673  -4.574   7.937 ;Mean Elev.(m), Avg Gradient(m/km), RMS Gradient(m/km) - GMTED2010 
  7  95.668662  21.920513    71.004    71.004  2 52446.16056379  8.742
  8  95.673250  21.917501    65.594    65.572  3 52481.16055549 42.546
 10  95.675280  21.918526    64.032    64.078  3 52551.16055462 42.463
 11  95.685865  21.919603    61.403    61.789  3 52586.16052678 35.636
 12  95.674759  21.918761    61.683    60.770  3 52621.16050594 39.271
 15  95.679978  21.918026    58.548    58.527  3 52726.16053588 37.450
 18  95.688458  21.920405    67.136    67.136  2 52831.16057651 28.881
 20  95.676071  21.918094    63.042    63.042  2 52901.16064921 30.763
 21  95.674198  21.919408    62.421    62.424  3 52936.16059026 45.717
 22  95.678119  21.917581    59.535    59.535  2 52971.16061454 35.186
 23  95.671960  21.918130    58.809    58.815  3 53006.16062838 44.238
 24  95.678188  21.918696    59.791    59.791  2 53041.16057988 24.219
 25  95.673330  21.917347    58.967    59.193  3 53076.16061317 42.160
 26  95.674490  21.917528    59.352    59.374  3 53111.16058297 25.526
 28  95.682653  21.918510    64.437    64.437  2 53181.16063302 33.956
 29  95.676504  21.917842    68.475    68.475  2 53216.16065620 37.339
 30  95.672243  21.917265    64.661    64.523  3 53251.16063501 30.093
 31  95.674749  21.918990    63.905    63.769  3 53286.16062751 26.759
 32  95.688100  21.920056    61.034    61.034  2 53321.16060331 37.804
 33  95.683086  21.918827    59.745    59.745  2 53356.16057313 41.751
 35  95.682370  21.919109    60.311    60.079  3 53426.16058226 34.058
 36  95.685293  21.919139    62.194    61.988  3 53461.16059260 39.636
 37  95.671296  21.918015    60.450    60.450  2 53496.16067248 33.419
 40  95.678648  21.917360    65.870    65.653  3 53601.16061966 24.542
 41  95.676695  21.918713    60.899    60.812  3 53636.16061662 33.382
 43  95.684140  21.919085    59.495    59.571  3 53706.16056983 35.820
 44  95.678900  21.917875    58.877    58.877  2 53741.16048340 30.627
 46  95.678632  21.918559    58.725    58.725  2 53811.16048571 34.019
 47  95.677139  21.917780    59.850    59.730  3 53846.16053378 31.878
 48  95.684265  21.919744    60.233    59.663  3 53881.16055745 27.168
 49  95.671135  21.918620    63.423    63.439  4 53916.16061714 22.954
 52  95.681513  21.919415    68.396    68.321  3 54021.16060040 38.105
 54  95.677887  21.918376    59.087    59.087  2 54091.16057800 45.949
 56  95.677252  21.918300    58.624    58.507  3 54161.16054592 31.122
 57  95.681153  21.919092    58.528    58.518  3 54196.16051021 34.807
 59  95.679983  21.918271    62.606    62.606  2 54266.16057563 21.597
 60  95.680137  21.918526    65.951    65.951  2 54301.16058066 22.621
 61  95.678396  21.917765    66.577    66.617  3 54336.16056871 37.059
 62  95.681907  21.919643    64.751    63.862  3 54371.16051256 33.031
 63  95.677665  21.918253    61.904    61.904  2 54406.16051356 30.390
 64  95.683065  21.918710    59.613    59.613  2 54441.16047104 33.999
 65  95.680636  21.918579    59.650    59.843  3 54476.16050110 34.051
 66  95.682196  21.918962    59.350    58.982  3 54511.16048707 40.321
 67  95.678374  21.917430    59.602    59.788  3 54546.16051545 42.836
 69  95.680254  21.918132    60.300    60.319  3 54616.16050427 32.339
 70  95.677186  21.917191    65.377    65.377  2 54651.16051752 25.246
 71  95.677355  21.917385    66.132    66.132  2 54686.16050983 35.512
 73  95.678304  21.918366    63.024    63.037  3 54756.16048489 38.404
 74  95.680326  21.918687    59.986    59.986  2 54791.16045593 30.574
 75  95.680063  21.918275    58.801    58.801  2 54826.16048118 27.726
 76  95.682036  21.918685    58.606    58.629  3 54861.16044945 46.344
 77  95.676716  21.918191    58.182    58.182  2 54896.16048246 32.448
 78  95.678927  21.916376    59.415    59.415  2 54931.16044687 38.041
 80  95.675782  21.917574    61.338    61.308  3 55001.16050302 36.497
 81  95.680149  21.917554    63.766    63.685  3 55036.16048844 37.155
 82  95.677118  21.916976    66.382    66.382  2 55071.16047718 41.325
 83  95.679835  21.917642    65.136    65.136  2 55106.16042081 34.974
 84  95.677699  21.918504    59.796    59.751  3 55141.16042701 30.995
 85  95.683202  21.919851    58.788    58.846  3 55176.16038880 29.744
 87  95.680117  21.917869    57.583    57.496  3 55246.16039425 32.347
 88  95.677144  21.917946    58.151    58.151  2 55281.16041509 30.190
 89  95.678124  21.918463    62.199    62.199  2 55316.16038177 48.793
 90  95.678050  21.918056    61.941    61.941  2 55351.16038706 29.252
 91  95.679286  21.917827    66.627    66.604  3 55386.16038164 32.460
 93  95.677445  21.917432    65.335    65.234  3 55456.16038081 35.081
