-140555.219   262.568     0.00   11.33
-140179.318   257.904   -12.41   13.00
-139803.429   252.368   -14.73   12.61
-139427.552   245.818   -17.43   11.61
-139051.686   243.459    -6.28    9.50
-138675.831   242.199    -3.35    7.00
-138299.988   243.562     3.63    7.78
-137924.156   248.965    14.38   13.00
-137548.335   257.940    23.88   18.93
-137172.526   265.293    19.57   19.78
-136796.729   271.121    15.51   19.31
-136420.943   272.450     3.54   16.23
-136045.168   275.648     8.51   16.78
-135669.405   284.393    23.28   17.65
-135293.653   288.550    11.06   14.62
-134917.912   294.414    15.61   12.00
-134542.183   298.844    11.79   11.79
-134166.465   303.062    11.23   12.19
-133790.759   308.770    15.19   12.32
-133415.064   311.282     6.69   11.85
-133039.380   319.218    21.13   15.85
-132663.708   337.693    49.18   30.55
-132288.048   357.543    52.85   34.67
-131912.398   375.793    48.59   27.48
-131536.760   386.648    28.90   21.90
-131161.134   396.243    25.55   15.97
-130785.518   400.418    11.12   14.75
-130409.914   409.648    24.57   14.28
-130034.322   418.993    24.88   14.64
-129658.741   429.393    27.69   15.13
-129283.171   440.613    29.88   15.49
-128907.613   451.866    29.97   16.08
-128532.065   460.770    23.71   11.36
-128156.530   465.501    12.60    9.02
-127781.005   468.568     8.17    7.85
-127405.492   471.792     8.59    8.09
-127029.991   474.909     8.30    8.57
-126654.500   477.368     6.55    7.59
-126279.021   477.203    -0.44    8.92
-125903.554   475.867    -3.56   10.38
-125528.097   477.767     5.06   10.55
-125152.652   481.199     9.14   11.23
-124777.219   480.100    -2.93   12.30
-124401.797   476.093   -10.67   15.28
-124026.386   470.916   -13.79   18.03
-123650.986   466.459   -11.87   16.08
-123275.597   466.914     1.21   14.06
-122900.220   469.792     7.67    8.20
-122524.855   470.493     1.87    7.51
-122149.500   471.093     1.60   11.02
-121774.157   472.843     4.66   15.59
-121398.825   471.043    -4.79   21.04
-121023.505   462.209   -23.54   29.74
-120648.196   445.093   -45.61   37.47
-120272.898   420.443   -65.69   33.31
-119897.611   402.743   -47.17   20.36
-119522.336   393.599   -24.37   16.52
-119147.072   390.118    -9.28   17.25
-118771.819   396.745    17.66   21.07
-118396.577   403.397    17.73   19.05
-118021.347   401.718    -4.47   14.95
-117646.128   403.593     5.00   15.91
-117270.921   396.543   -18.79   16.50
-116895.724   388.718   -20.86   18.60
-116520.539   385.254    -9.23   18.06
-116145.365   395.628    27.65   31.26
-115770.203   396.639     2.70   32.59
-115395.051   381.184   -41.20   46.21
-115019.911   352.618   -76.15   52.48
-114644.782   320.418   -85.84   33.04
-114269.665   299.958   -54.55   15.82
-113894.559   290.371   -25.56    9.65
-113519.463   283.965   -17.08    7.10
-113144.380   277.428   -17.43    6.77
-112769.307   272.501   -13.14    6.23
-112394.246   268.257   -11.32    5.55
-112019.196   264.741    -9.38    5.00
-111644.157   261.968    -7.39    4.81
-111269.129   259.408    -6.83    4.62
-110894.113   256.111    -8.79    5.90
-110519.107   252.968    -8.38    6.10
-110144.113   249.518    -9.20    6.05
-109769.131   245.543   -10.60    5.06
-109394.159   242.639    -7.75    4.21
-109019.199   239.668    -7.92    3.29
-108644.249   238.318    -3.60    3.42
-108269.311   237.916    -1.07    4.10
-107894.385   236.257    -4.42    4.77
-107519.469   234.393    -4.97    4.35
-107144.565   233.218    -3.13    3.40
-106769.672   234.503     3.43    4.39
-106394.790   237.795     8.78    5.93
-106019.919   239.593     4.80    5.33
-105645.059   239.193    -1.07    5.95
-105270.211   235.318   -10.34    6.45
-104895.374   233.665    -4.41    4.08
-104520.548   234.932     3.38    4.66
-104145.733   237.793     7.63    5.59
-103770.929   241.293     9.34    5.06
-103396.137   245.493    11.21    5.48
-103021.355   248.355     7.64    6.77
-102646.585   252.271    10.45    6.47
-102271.826   256.160    10.38    4.75
-101897.078   259.918    10.03    5.64
-101522.341   263.943    10.74    5.61
-101147.616   266.989     8.13    5.28
-100772.901   270.368     9.02    5.30
-100396.438   274.741    11.62    5.66
-100019.503   279.665    13.06    6.82
 -99642.579   286.075    17.01    9.68
 -99265.667   291.318    13.91    9.47
 -98888.765   297.916    17.51   10.11
 -98511.875   302.135    11.20   11.12
 -98134.997   306.718    12.16   13.35
 -97758.129   312.029    14.09   17.77
 -97381.273   313.018     2.63   19.20
 -97004.428   314.143     2.99   20.21
 -96627.595   314.918     2.06   17.59
 -96250.772   310.068   -12.87   14.82
 -95873.961   305.239   -12.82   15.71
 -95497.161   296.866   -22.22   16.34
 -95120.373   287.613   -24.56   12.19
 -94743.595   284.038    -9.49    9.84
 -94366.829   283.793    -0.65    9.24
 -93990.075   285.408     4.29    8.94
 -93613.331   288.771     8.93    9.03
 -93236.599   290.665     5.03    8.71
 -92859.877   291.965     3.45    7.87
 -92483.167   290.767    -3.18    9.07
 -92106.469   286.018   -12.61    9.27
 -91729.781   281.214   -12.76    9.05
 -91353.105   278.976    -5.94    8.71
 -90976.440   282.643     9.74   14.25
 -90599.786   294.943    32.66   21.71
 -90223.144   299.501    12.10   19.15
 -89846.512   300.379     2.33   16.75
 -89469.892   297.003    -8.97   16.08
 -89093.283   289.668   -19.48   12.48
 -88716.685   283.218   -17.13    6.82
 -88340.099   280.233    -7.93    8.37
 -87963.523   275.718   -11.99    8.10
 -87586.959   271.100   -12.26    6.57
 -87210.406   266.690   -11.71    6.45
 -86833.864   262.668   -10.68    6.42
 -86457.334   259.393    -8.70    4.81
 -86080.814   256.989    -6.39    3.98
 -85704.306   255.643    -3.57    3.78
 -85327.809   253.868    -4.71    4.08
 -84951.323   251.575    -6.09    4.27
 -84574.848   248.743    -7.52    5.14
 -84198.385   245.268    -9.23    4.90
 -83821.932   243.468    -4.78    4.27
 -83445.491   242.968    -1.33    5.82
 -83069.061   243.871     2.40    7.49
 -82692.642   245.080     3.21    8.11
 -82316.234   244.382    -1.85    7.65
 -81939.837   242.418    -5.22    6.16
 -81563.452   239.193    -8.57    4.71
 -81187.078   237.177    -5.36    5.53
 -80810.714   235.461    -4.56    6.43
 -80434.362   231.485   -10.57    6.02
 -80058.022   228.868    -6.95    5.55
 -79681.692   226.921    -5.18    4.73
 -79305.373   224.618    -6.12    4.86
 -78929.066   223.121    -3.98    5.12
 -78552.769   222.845    -0.73    5.18
 -78176.484   222.393    -1.20    5.49
 -77800.210   222.501     0.29    6.28
 -77423.947   222.989     1.30    5.04
 -77047.695   221.696    -3.44    4.45
 -76671.454   221.357    -0.90    4.19
 -76295.224   220.536    -2.18    4.45
 -75919.006   219.968    -1.51    5.16
 -75542.798   221.940     5.24    5.25
 -75166.602   223.718     4.73    5.11
 -74790.417   225.794     5.52    6.12
 -74414.242   227.243     3.85    6.58
 -74038.079   228.998     4.66    8.69
 -73661.927   231.493     6.63   10.14
 -73285.786   234.168     7.11   11.71
 -72909.657   236.393     5.92   11.70
 -72533.538   238.118     4.59    9.16
 -72157.430   237.953    -0.44    7.91
 -71781.334   240.233     6.06    6.28
 -71405.248   241.280     2.78    5.42
 -71029.174   241.543     0.70    5.94
 -70653.110   238.599    -7.83    7.61
 -70277.058   234.972    -9.64    7.53
 -69901.017   235.747     2.06    7.40
 -69524.986   237.203     3.87    7.85
 -69148.967   240.550     8.90    8.69
 -68772.959   243.468     7.76    7.25
 -68396.962   243.618     0.40    7.16
 -68020.976   243.167    -1.20    7.32
 -67645.001   242.055    -2.96    7.04
 -67269.037   239.918    -5.68    8.50
 -66893.085   237.355    -6.82    8.39
 -66517.143   236.233    -2.98    6.92
 -66141.212   237.033     2.13    6.48
 -65765.292   237.254     0.59    5.46
 -65389.384   235.404    -4.92    5.52
 -65013.486   234.233    -3.11    5.85
 -64637.599   231.331    -7.72    5.42
 -64261.723   228.318    -8.01    5.85
 -63885.859   228.357     0.10    5.44
 -63510.005   226.168    -5.82    5.74
 -63134.163   224.768    -3.73    6.08
 -62758.331   225.043     0.73    6.20
 -62382.510   224.203    -2.24    6.72
 -62006.701   225.068     2.30    6.83
 -61630.902   224.989    -0.21    7.30
 -61255.115   224.280    -1.89    7.32
 -60879.338   225.038     2.02    6.21
 -60503.572   224.818    -0.58    5.72
 -60127.818   224.268    -1.46    5.00
 -59752.074   222.453    -4.83    5.41
 -59376.342   220.408    -5.44    6.08
 -59000.620   218.556    -4.93    6.00
 -58624.909   216.766    -4.77    6.45
 -58249.210   214.128    -7.02    7.73
 -57873.521   211.893    -5.95    7.93
 -57497.843   209.043    -7.59    7.50
 -57122.176   206.721    -6.18    6.89
 -56746.521   204.254    -6.57    7.22
 -56370.876   201.152    -8.26    7.29
 -55995.242   197.254   -10.38    6.96
 -55619.619   192.428   -12.85    7.36
 -55244.007   186.193   -16.60    7.25
 -54868.406   182.562    -9.67    6.41
 -54492.816   180.293    -6.04    6.18
 -54117.237   177.976    -6.17    5.79
 -53741.668   174.916    -8.15    7.03
 -53366.111   169.318   -14.91    7.40
 -52990.565   164.793   -12.05    7.82
 -52615.029   159.643   -13.71    6.96
 -52239.505   155.023   -12.30    6.78
 -51863.992   150.229   -12.77    6.66
 -51488.489   144.870   -14.27    6.29
 -51112.997   140.160   -12.54    5.56
 -50737.517   136.013   -11.04    5.40
 -50362.047   132.243   -10.04    5.80
 -49986.588   127.843   -11.72    5.33
 -49611.140   123.924   -10.44    5.59
 -49235.703   120.628    -8.78    5.80
 -48860.277   117.843    -7.42    5.10
 -48484.861   116.118    -4.59    4.39
 -48109.457   115.893    -0.60    5.01
 -47734.063   118.459     6.84    5.76
 -47358.681   122.376    10.44    6.29
 -46983.309   125.562     8.49    6.36
 -46607.948   128.993     9.14    6.40
 -46232.599   132.868    10.32    6.72
 -45857.260   136.203     8.88    8.85
 -45481.931   138.009     4.81    9.32
 -45106.614   138.845     2.23    9.68
 -44731.308   141.093     5.99    9.49
 -44356.012   142.993     5.06    8.87
 -43980.728   146.892    10.39    7.72
 -43605.454   149.018     5.67    6.06
 -43230.191   147.467    -4.13    5.22
 -42854.939   143.331   -11.02    6.74
 -42479.698   138.418   -13.09    6.84
 -42104.468   135.793    -7.00    6.92
 -41729.248   131.696   -10.92    6.85
 -41354.039   128.493    -8.54    8.51
 -40978.842   125.998    -6.65    8.44
 -40603.655   124.062    -5.16    9.43
 -40228.479   120.343    -9.91    8.78
 -39853.314   117.918    -6.46    9.61
 -39478.159   114.068   -10.26    9.75
 -39103.016   108.793   -14.06   10.13
 -38727.883   103.921   -12.99    9.53
 -38352.761    97.485   -17.16   11.49
 -37977.650    90.947   -17.43   10.03
 -37602.550    86.867   -10.88   10.51
 -37227.460    80.368   -17.33   10.71
 -36852.382    72.368   -21.33   13.87
 -36477.314    64.353   -21.37   13.74
 -36102.257    58.187   -16.44    9.46
 -35727.211    56.543    -4.38    8.36
 -35352.176    58.518     5.27    9.50
 -34977.151    59.843     3.53   12.16
 -34602.138    64.306    11.90   13.67
 -34227.135    67.023     7.25   13.57
 -33852.143    71.093    10.85   11.10
 -33477.161    74.268     8.47    5.80
 -33102.191    74.916     1.73    4.67
 -32727.231    75.588     1.79    4.97
 -32352.282    78.668     8.22    5.70
 -31977.344    81.943     8.73    5.70
 -31602.417    87.870    15.81    7.63
 -31227.500    91.818    10.53    8.47
 -30852.594    95.568    10.00    7.49
 -30477.699    99.618    10.80    7.21
 -30102.815   102.648     8.08    7.63
 -29727.941   106.526    10.35    8.23
 -29353.079   111.892    14.31    8.32
 -28978.227   116.503    12.30    7.13
 -28603.386   121.152    12.40    7.35
 -28228.555   125.843    12.52    7.83
 -27853.735   131.693    15.61    7.68
 -27478.926   136.794    13.61    8.17
 -27104.128   141.357    12.17    7.20
 -26729.341   146.580    13.94    7.73
 -26354.564   151.229    12.40    7.08
 -25979.798   154.543     8.84    7.18
 -25605.043   158.793    11.34    6.74
 -25228.148   162.152     8.91    6.35
 -24851.252   162.160     0.02    7.24
 -24474.366   158.494    -9.73    9.76
 -24097.492   153.118   -14.26   10.92
 -23720.628   144.493   -22.89    9.86
 -23343.775   138.393   -16.19    9.47
 -22966.933   136.568    -4.84    8.94
 -22590.102   137.213     1.71   11.94
 -22213.281   138.382     3.10   10.67
 -21836.472   139.468     2.88    8.24
 -21459.673   136.331    -8.33    9.65
 -21082.885   131.696   -12.30    8.97
 -20706.108   126.562   -13.63    8.38
 -20329.342   123.118    -9.14    7.97
 -19952.587   120.100    -8.01    7.99
 -19575.842   116.282   -10.14    9.17
 -19199.108   111.550   -12.56    9.88
 -18822.385   108.526    -8.03    9.55
 -18445.673   109.062     1.42    9.58
 -18068.972   107.613    -3.85    9.45
 -17692.282   106.295    -3.50    8.50
 -17315.602   103.672    -6.96    7.90
 -16938.933    99.293   -11.62    6.77
 -16562.275    95.160   -10.97    7.37
 -16185.628    91.529    -9.64    7.50
 -15808.992    88.890    -7.01    8.08
 -15432.366    84.468   -11.74    9.89
 -15055.751    81.233    -8.59   10.71
 -14679.147    77.676    -9.45   11.27
 -14302.554    74.716    -7.86   10.71
 -13925.971    70.282   -11.77    9.09
 -13549.400    66.331   -10.49    8.39
 -13172.839    60.940   -14.32    8.07
 -12796.289    55.893   -13.40    8.83
 -12419.749    51.562   -11.50    7.52
 -12043.221    50.043    -4.03    7.92
 -11666.703    48.408    -4.34    8.57
 -11290.196    44.477   -10.44   10.06
 -10913.700    40.543   -10.45   10.20
 -10537.214    37.568    -7.90    9.26
 -10160.739    38.343     2.06   12.74
  -9784.275    41.843     9.30   15.18
  -9407.822    46.718    12.95   12.49
  -9031.380    49.280     6.80   11.48
  -8654.948    48.043    -3.28   13.75
  -8278.527    49.550     4.00   14.69
  -7902.117    46.218    -8.85   16.24
  -7525.717    38.989   -19.21   16.34
  -7149.328    31.459   -20.01   15.23
  -6772.950    21.918   -25.35   12.16
  -6396.583    16.062   -15.56    8.72
  -6020.227    15.408    -1.74   10.09
  -5643.881    13.318    -5.55   12.82
  -5267.546    11.408    -5.08   13.59
  -4891.221     9.550    -4.94   13.70
  -4514.907     4.126   -14.41    7.87
  -4138.605     3.343    -2.08    6.87
  -3762.312     3.771     1.14    9.47
  -3386.031     5.134     3.62   11.81
  -3009.760     6.453     3.50   13.81
  -2633.500     6.168    -0.76   13.43
  -2257.250     7.574     3.74   14.36
  -1881.012     9.009     3.81   14.65
  -1504.784     7.203    -4.80   12.05
  -1128.566     6.696    -1.35   11.08
   -752.360     5.868    -2.20    9.30
   -376.164     5.209    -1.75    8.71
      0.022     4.693    -1.37    7.98
    376.196     3.126    -4.17    6.18
    752.360     1.893    -3.28    4.94
   1128.514     1.268    -1.66    4.26
   1504.656    -0.132    -3.72    0.32
   1880.788     0.408     1.43    2.63
   2256.909     1.568     3.08    4.48
   2633.020     4.209     7.02    6.45
   3009.120     7.266     8.13    7.11
   3385.209    10.368     8.25    6.18
   3761.287    11.536     3.11    4.93
   4137.355    11.043    -1.31    4.72
   4513.413     9.379    -4.42    5.66
   4889.459     7.408    -5.24    5.57
   5265.495     3.866    -9.42    5.65
   5641.521     3.665    -0.54    6.70
   6017.535     7.965    11.44   11.76
   6393.539    12.895    13.11   11.82
   6769.533    15.418     6.71    9.45
   7145.515    17.676     6.00    6.15
   7521.488    16.345    -3.54    5.42
   7897.449    20.989    12.35   14.81
   8273.400    44.168    61.65   42.67
   8649.340    71.599    72.96   61.63
   9025.270   117.842   123.01   80.28
   9401.189   158.818   109.00   71.66
   9777.097   193.379    91.94   58.04
  10152.995   229.768    96.81   58.91
  10528.882   244.892    40.23   56.18
  10904.759   257.793    34.32   43.81
  11280.625   248.870   -23.74   47.03
  11656.480   215.543   -88.67   46.35
  12032.325   188.568   -71.77   46.82
  12408.159   162.993   -68.05   39.51
  12783.983   132.023   -82.40   37.31
  13159.796   106.968   -66.67   32.69
  13535.598    88.672   -48.69   25.49
  13911.390    76.588   -32.16   16.03
  14287.171    77.721     3.02   19.47
  14662.942    86.972    24.62   30.57
  15038.702   108.293    56.74   40.16
  15414.451   135.550    72.54   46.80
  15790.190   155.562    53.26   53.18
  16165.918   188.080    86.55   56.89
  16541.636   197.345    24.66   56.25
  16917.343   177.009   -54.13   62.60
  17293.040   159.716   -46.03   58.22
  17668.726   141.168   -49.37   44.36
  18044.402   151.586    27.73   43.77
  18420.067   176.229    65.60   37.32
  18795.721   200.770    65.33   45.23
  19171.365   221.229    54.46   44.63
  19546.998   227.867    17.67   44.71
  19922.621   227.293    -1.53   48.80
  20298.233   221.068   -16.57   53.23
  20673.835   214.393   -17.77   55.04
  21049.426   203.382   -29.32   62.01
  21425.007   166.518   -98.15   72.18
  21800.577   139.306   -72.46   60.05
  22176.137   137.921    -3.69   62.19
  22551.686   153.100    40.42   74.35
  22927.224   173.511    54.35   70.13
  23302.752   172.318    -3.17   61.38
  23678.270   166.368   -15.84   46.75
  24053.777   177.068    28.49   45.97
  24429.273   218.062   109.17   69.56
  24804.759   257.306   104.51   68.22
  25180.235   308.013   135.05   50.66
  25555.700   335.408    72.96   39.35
  25931.154   349.390    37.24   37.41
  26306.598   351.135     4.65   35.42
  26682.032   344.468   -17.76   46.73
  27057.455   304.111  -107.50   74.83
  27432.867   259.397  -119.10   74.27
  27808.269   223.152   -96.55   60.57
  28183.661   188.993   -90.99   28.16
  28559.042   177.068   -31.77   21.65
  28934.412   168.743   -22.18   26.81
  29309.772   164.485   -11.34   27.95
  29685.122   166.087     4.27   26.61
  30060.461   165.679    -1.08   22.89
  30435.790   164.943    -1.96   25.37
  30811.108   154.693   -27.31   30.81
  31186.416   132.459   -59.24   22.85
  31561.713   115.768   -44.47   18.36
  31937.000   102.793   -34.57   17.54
  32312.276    94.049   -23.30   14.08
  32687.542    84.434   -25.62   12.08
  33062.798    76.718   -20.56   10.94
  33438.043    70.160   -17.48   10.37
  33813.277    63.193   -18.57    8.14
  34188.501    58.368   -12.86    7.78
  34563.715    55.529    -7.57    7.14
  34938.918    53.247    -6.08    7.17
  35314.111    50.794    -6.54    6.43
  35689.293    49.511    -3.42    5.03
  36064.465    47.893    -4.31    4.04
  36439.627    47.177    -1.91    4.30
  36814.778    46.104    -2.86    5.10
  37189.919    47.306     3.20    6.58
  37565.049    50.043     7.30    8.58
  37940.169    56.093    16.13    9.60
  38315.278    63.023    18.47    8.90
  38690.377    67.771    12.66    8.52
  39065.466    72.713    13.18    8.39
  39440.544    77.518    12.81    9.45
  39815.612    82.168    12.40    8.74
  40190.669    82.892     1.93    9.08
  40565.716    78.918   -10.59   12.72
  40940.753    76.555    -6.30   12.69
  41315.779    75.529    -2.74   12.24
  41690.795    77.989     6.56   15.06
  42065.801    82.268    11.41   13.82
  42440.796    86.501    11.29   13.81
  42815.780    90.918    11.78   15.05
  43190.755    95.293    11.67   13.56
  43565.719    97.871     6.87   11.52
  43940.672   100.604     7.29   11.69
  44315.615   101.947     3.58   11.59
  44690.548   104.443     6.66   11.47
  45065.471   109.518    13.54   12.56
  45440.383   117.947    22.48   12.32
  45815.285   128.199    27.35   12.00
  46190.176   136.665    22.58   11.79
  46565.057   141.293    12.35    9.95
  46939.928   144.767     9.27    8.25
  47314.788   146.543     4.74    6.22
  47689.638   144.223    -6.19    9.49
  48064.478   140.582    -9.71   13.90
  48439.307   138.468    -5.64   12.89
  48814.126   140.043     4.20   14.84
  49188.934   143.648     9.62   11.90
  49564.168   145.268     4.32    7.95
  49941.037   142.485    -7.39    9.02
  50317.896   138.023   -11.84    9.07
  50694.745   131.871   -16.33   11.32
  51071.583   125.818   -16.06   12.97
  51448.411   119.418   -16.98   12.50
  51825.228   116.018    -9.02   11.40
  52202.035   111.511   -11.96    9.74
  52578.832   108.624    -7.66   11.19
  52955.618   104.918    -9.83   13.65
  53332.393    98.893   -15.99   14.97
  53709.158    93.868   -13.34   15.64
  54085.913    86.643   -19.18   16.69
  54462.657    79.450   -19.09   11.07
  54839.391    78.818    -1.68   13.87
  55216.115    78.100    -1.91   14.77
  55592.828    77.693    -1.08   14.41
  55969.530    75.993    -4.51   11.10
  56346.223    75.459    -1.42   11.15
  56722.904    77.114     4.39   12.16
  57099.576    79.844     7.25   11.10
  57476.237    82.243     6.37   10.39
  57852.888    78.493    -9.96   11.66
  58229.528    72.895   -14.86   14.54
  58606.158    61.914   -29.16   14.57
  58982.777    53.476   -22.40   14.23
  59359.386    48.493   -13.23   12.67
  59735.985    41.793   -17.79   13.40
  60112.573    37.306   -11.91   13.47
  60489.151    34.843    -6.54   12.07
  60865.719    38.485     9.67   16.36
  61242.276    47.160    23.04   21.14
  61618.823    59.593    33.02   19.92
  61995.359    67.368    20.65   15.93
  62371.885    74.018    17.66   11.04
  62748.401    76.543     6.71    8.11
  63124.906    76.434    -0.29    7.04
  63501.401    71.871   -12.12    9.85
  63877.886    62.718   -24.31   14.73
  64254.360    54.501   -21.83   15.15
  64630.824    44.868   -25.59   14.50
  65007.278    34.318   -28.02   12.85
  65383.721    31.871    -6.50   12.37
  65760.154    34.295     6.44   14.17
  66136.576    34.574     0.74   15.87
  66512.988    32.844    -4.60   18.29
  66889.390    26.343   -17.27   18.82
  67265.782    18.818   -19.99   14.01
  67642.163    14.437   -11.64   11.65
  68018.534    10.368   -10.81    6.46
  68394.895     8.382    -5.28    4.49
  68771.245     7.282    -2.92    3.07
  69147.585     6.844    -1.16    3.09
  69523.914     6.184    -1.75    2.75
  69900.234     5.976    -0.55    3.28
  70276.543     5.867    -0.29    3.34
  70652.842     6.818     2.53    4.22
  71029.130     8.693     4.98    6.28
  71405.408    10.168     3.92    6.70
  71781.676    13.213     8.09    7.29
  72157.933    15.543     6.19    5.81
  72534.180    17.993     6.51    5.19
  72910.417    21.818    10.17    6.74
  73286.644    25.177     8.93    9.46
  73662.860    32.213    18.70   12.87
  74039.066    36.968    12.64   12.11
  74415.262    42.203    13.91   13.44
  74791.448    45.118     7.75   11.78
  75167.623    47.233     5.62    8.80
  75543.788    47.093    -0.37    9.64
  75919.943    42.989   -10.91    9.78
  76296.087    40.357    -7.00    8.48
  76672.221    42.648     6.09    9.85
  77048.345    47.818    13.75   10.41
  77424.459    53.049    13.91   10.41
  77800.562    60.961    21.04   11.84
  78176.655    65.503    12.07    9.85
  78552.738    65.818     0.84    9.15
  78928.810    61.254   -12.14   11.80
  79304.873    55.355   -15.69   13.74
  79680.925    48.111   -19.26   13.64
  80056.967    42.562   -14.76   12.20
  80432.998    48.087    14.69   27.45
  80809.020    57.613    25.33   39.23
  81185.031    75.160    46.66   54.57
  81561.032    98.593    62.32   56.48
  81937.023   112.618    37.30   44.82
  82313.003   108.093   -12.03   47.90
  82688.973    76.844   -83.11   44.53
  83064.933    48.229   -76.11   32.23
  83440.883    27.100   -56.20   11.17
  83816.823    21.895   -13.84    7.96
  84192.752    19.443    -6.52    5.69
  84568.671    18.818    -1.66    5.28
  84944.580    20.893     5.52    6.55
  85320.479    31.718    28.80   22.16
  85696.368    41.293    25.47   26.22
  86072.246    50.892    25.53   25.11
  86448.114    61.023    26.95   21.88
  86823.972    73.306    32.68   25.11
  87199.820    78.818    14.67   23.04
  87575.658    80.526     4.54   21.67
  87951.485    77.993    -6.74   22.98
  88327.302    68.393   -25.54   15.68
  88703.109    63.009   -14.33    9.17
  89078.906    63.318     0.82    7.80
  89454.693    64.918     4.26    8.54
  89830.469    69.254    11.54    9.34
  90206.236    71.599     6.24    8.87
  90581.992    75.672    10.84    8.42
  90957.738    80.972    14.10   10.28
  91333.474    83.209     5.95    9.99
  91709.199    83.696     1.30    8.13
  92084.915    82.477    -3.25    8.46
  92460.620    80.049    -6.46    7.86
  92836.315    81.613     4.16    6.35
  93212.001    84.193     6.87    6.90
  93587.675    87.075     7.67    6.34
  93963.340    87.768     1.85    5.80
  94338.995    87.152    -1.64    6.16
  94714.639    85.408    -4.64    6.53
  95090.274    80.672   -12.61    8.06
  95465.898    76.737   -10.47    7.49
  95841.512    76.526    -0.56    7.80
  96217.116    76.408    -0.31    8.80
  96592.710    77.393     2.62    7.66
  96968.294    78.268     2.33    6.99
  97343.867    76.126    -5.70    7.65
  97719.431    76.533     1.08    7.97
  98094.984    75.555    -2.60    8.78
  98470.527    73.111    -6.51    8.68
  98846.060    72.921    -0.51    8.85
  99221.583    71.160    -4.69   10.65
  99597.096    66.009   -13.72   12.94
  99972.599    64.562    -3.85   12.83
 100348.092    66.892     6.20   20.01
 100723.574    80.418    36.02   32.74
 101099.047    95.355    39.78   38.97
 101474.509   114.993    52.30   37.75
 101849.962   129.690    39.14   33.90
 102225.404   151.118    57.07   38.16
 102600.836   160.371    24.64   31.66
 102976.258   161.393     2.72   28.40
 103351.670   152.895   -22.64   30.06
 103727.072   130.968   -58.41   24.33
 104102.464   117.989   -34.57   19.74
 104477.846   113.981   -10.68   14.98
 104853.217   114.918     2.50   13.95
 105228.579   120.485    14.83   11.93
 105603.931   121.368     2.35   10.13
 105979.272   115.355   -16.02   12.53
 106354.604   107.972   -19.67   13.71
 106729.925    99.437   -22.74   13.26
 107105.236    94.266   -13.78   10.17
 107480.538   100.160    15.70   19.77
 107855.829   112.280    32.29   33.20
 108231.110   110.013    -6.04   34.62
 108606.381   103.437   -17.52   36.26
 108981.642    92.203   -29.94   27.32
 109356.893    94.818     6.97   30.59
 109732.134   109.476    39.06   29.69
 110107.365   122.696    35.23   31.51
 110482.586   131.418    23.24   36.23
 110857.797   132.639     3.25   33.04
 111232.998   123.693   -23.84   31.92
 111608.189   110.075   -36.30   32.88
 111983.370    93.280   -44.76   36.46
 112358.541    74.118   -51.07   32.20
 112733.702    58.767   -40.92   21.61
 113108.852    59.306     1.44   23.21
 113483.993    71.254    31.85   30.22
 113859.124    88.743    46.62   35.51
 114234.245   105.511    44.70   32.63
 114609.356   120.143    39.01   25.15
 114984.456   130.135    26.64   24.77
 115359.547   131.152     2.71   26.20
 115734.628   138.818    20.44   25.65
 116109.699   144.476    15.08   27.50
 116484.760   156.676    32.52   26.44
 116859.811   175.254    49.53   22.95
 117234.851   175.343     0.24   21.13
 117609.882   176.168     2.20   23.15
 117984.903   165.818   -27.60   20.96
 118359.914   152.648   -35.12   19.04
 118734.915   147.634   -13.37   18.75
 119109.906   142.501   -13.69   17.86
 119484.887   134.434   -21.51   21.15
 119859.858   127.668   -18.04   23.99
 120234.819   116.518   -29.73   23.82
 120609.770   112.950    -9.52   26.08
 120984.711   118.023    13.53   23.40
 121359.642   123.998    15.93   24.55
 121734.564   137.434    35.83   40.91
 122109.475   172.184    92.68   61.09
 122484.376   216.643   118.58   77.77
 122859.268   271.968   147.56   75.05
 123234.149   320.023   128.18   46.40
 123609.021   356.989    98.60   31.81
 123983.882   362.087    13.60   25.64
 124358.734   357.511   -12.21   27.04
 124734.434   349.868   -20.34   31.17
 125111.263   328.503   -56.69   30.32
 125488.082   311.937   -43.96   35.61
 125864.891   302.793   -24.27   34.85
 126241.690   293.218   -25.41   36.11
 126618.479   295.770     6.77   42.69
 126995.257   305.818    26.67   56.25
 127372.026   321.696    42.14   63.97
 127748.785   333.280    30.74   58.46
 128125.534   339.989    17.81   62.45
 128502.273   343.718     9.90   71.44
 128879.002   354.562    28.78   86.76
 129255.720   363.193    22.91   95.59
 129632.429   361.382    -4.81  100.82
 130009.128   372.331    29.06  104.04
 130385.817   363.254   -24.09   92.62
 130762.495   364.844     4.22   67.14
 131139.164   358.152   -17.77   54.44
 131515.823   342.424   -41.75   48.61
 131892.472   338.343   -10.83   43.48
 132269.110   328.408   -26.38   44.29
 132645.739   313.895   -38.53   45.20
 133022.358   288.233   -68.13   53.46
 133398.967   252.874   -93.88   37.84
 133775.565   231.087   -57.85   37.56
 134152.154   208.408   -60.22   37.47
 134528.733   193.393   -39.87   24.77
 134905.302   184.793   -22.84   22.60
 135281.861   179.126   -15.05   32.40
 135658.410   160.556   -49.31   45.67
 136034.949   136.485   -63.92   44.47
 136411.478   126.468   -26.60   37.11
 136787.997   117.921   -22.70   35.87
 137164.506   126.193    21.97   42.24
 137541.005   148.866    60.21   49.30
 137917.494   173.845    66.34   49.18
 138293.973   195.868    58.49   60.10
 138670.442   229.562    89.49   60.23
 139046.902   259.794    80.30   60.28
 139423.351   279.343    51.93   42.29
 139799.790   284.737    14.33   41.46
 140176.220   273.870   -28.87   45.84
 140552.639   261.243   -33.54   49.90
 140929.049   245.293   -42.37   55.15
 141305.449   211.743   -89.13   67.11
 141681.838   181.493   -80.36   66.93
 142058.218   153.357   -74.75   52.02
 142434.588   162.251    23.63   52.90
 142810.948   194.693    86.19   62.44
 143187.298   218.233    62.54   53.69
 143563.638   230.368    32.24   53.82
 143939.968   256.218    68.68   55.80
 144316.289   284.450    75.01   65.92
 144692.599   306.985    59.88   76.55
 145068.900   339.672    86.86   84.50
 145445.190   374.254    91.89   91.73
 145821.471   419.943   121.41   89.78
 146197.742   467.459   126.27   88.12
 146574.003   481.223    36.58   81.53
 146950.254   466.818   -38.28   86.01
 147326.495   483.443    44.18   91.79
 147702.726   511.168    73.68   97.59
 148078.947   528.588    46.30   88.05
 148455.159   567.087   102.32   78.42
 148831.360   596.529    78.25   78.78
 149207.552   641.613   119.83   89.70
 149583.734   705.568   170.00   66.17
 149959.906   729.243    62.93   55.98
 150336.068   720.943   -22.06   62.75
 150712.220   689.318   -84.07   86.05
 151088.362   631.921  -152.58  108.26
 151464.495   576.639  -146.96   95.37
 151840.617   544.947   -84.25   90.34
 152216.730   486.357  -155.76  108.34
 152592.833   443.450  -114.07   94.63
 152968.926   411.493   -84.96   64.86
 153345.009   412.075     1.55   67.45
 153721.082   440.468    75.49   80.00
 154097.146   485.648   120.13  105.22
 154473.200   536.793   135.99   89.47
 154849.243   548.062    29.97   85.34
 155225.277   542.793   -14.01   91.02
 155601.301   531.818   -29.18   75.18
 155977.316   532.593     2.06   69.70
 156353.320   568.229    94.76   82.55
 156729.315   635.087   177.80  105.83
 157105.300   671.660    97.27  108.20
 157481.275   701.062    78.19  102.14
 157857.240   735.049    90.39   93.97
 158233.195   753.355    48.69   83.30
 158609.141   802.993   132.02   95.97
 158985.077   877.562   198.34  116.91
 159361.002   953.233   201.27   98.47
 159736.919   998.972   121.66   67.57
 160112.825   995.355    -9.62   67.42
 160488.721   964.767   -81.37   79.85
 160864.608   913.049  -137.58  103.87
 161240.485   852.993  -159.76  104.66
 161616.352   797.924  -146.50  117.05
 161992.210   715.918  -218.16  128.23
 162368.057   645.767  -186.63  115.04
 162743.895   602.152  -116.04   85.58
 163119.723   576.501   -68.24   74.03
 163495.541   571.494   -13.32   81.34
 163871.349   595.574    64.07   88.00
 164247.148   600.767    13.82   82.07
 164622.937   593.768   -18.62   72.10
 164998.716   559.218   -91.93   80.33
 165374.485   506.639  -139.91   87.02
 165750.245   444.318  -165.84   80.53
 166125.995   407.397   -98.25   61.41
 166501.735   404.868    -6.73   59.13
 166877.465   412.357    19.93   74.49
 167253.185   423.428    29.46   71.69
 167628.896   423.940     1.36   67.67
 168004.597   430.555    17.60   65.93
 168380.289   437.518    18.53   66.95
 168755.970   437.767     0.66   63.52
 169131.642   430.087   -20.44   67.18
 169507.304   407.743   -59.47   60.94
 169882.956   405.716    -5.40   65.57
 170258.599   409.177     9.21   70.76
 170634.232   423.634    38.48   74.29
 171009.855   476.393   140.44  101.44
 171385.468   528.895   139.76  115.19
 171761.072   587.536   156.11  104.47
 172136.666   645.143   153.36   90.64
 172512.250   692.429   125.89   78.66
 172887.824   737.218   119.24   85.76
 173263.389   793.075   148.71   89.10
 173638.944   855.893   167.25   88.91
 174014.489   905.177   131.22   67.55
 174390.025   919.177    37.28   59.98
 174765.551   885.985   -88.38   80.17
 175141.067   846.408  -105.38   67.03
 175516.574   833.793   -33.59   76.52
 175892.071   844.075    27.38  100.00
 176267.558   839.818   -11.33   96.54
 176643.035   831.209   -22.93   79.49
 177018.503   827.687    -9.38   69.20
 177393.961   840.843    35.04   81.37
 177769.409   891.998   136.23   83.10
 178144.848   927.306    94.04   70.94
 178520.277   940.393    34.86   66.23
 178895.696   914.818   -68.12   97.16
 179271.106   843.152  -190.88  138.98
 179646.506   752.434  -241.63  116.69
 180021.896   731.818   -54.91  105.93
 180397.277   724.168   -20.38  106.90
 180772.648   718.767   -14.39  111.80
 181148.009   722.690    10.45  101.16
 181523.361   724.735     5.45   84.50
 181898.703   790.293   174.64  108.99
 182274.035   882.068   244.49  117.54
 182649.358   933.357   136.64   90.20
 183024.671   923.118   -27.28   87.02
 183399.974   886.152   -98.49  108.16
 183775.268   835.009  -136.26   95.54
 184150.552   795.741  -104.62   78.69
 184525.827   771.568   -64.41   80.70
 184901.092   755.049   -44.02   69.05
 185276.347   718.218   -98.14   71.82
 185651.592   699.461   -49.98   64.97
 186026.828   689.187   -27.38   61.29
 186402.055   654.143   -93.38   88.30
 186777.271   598.018  -149.56  125.02
 187152.478   501.623  -256.88  149.87
 187527.676   416.943  -225.67   98.68
 187902.864   389.503   -73.13   81.53
 188278.042   416.536    72.05   98.50
 188653.210   465.870   131.48  104.78
 189028.369   507.418   110.74  100.81
 189403.519   559.518   138.86  107.59
 189778.659   609.818   134.07  103.72
 190153.789   622.588    34.04   92.91
 190528.909   601.735   -55.58  106.29
 190904.020   567.293   -91.81  106.17
 191279.122   537.972   -78.16   82.50
 191654.214   581.177   115.17  101.92
 192029.296   638.618   153.12  106.99
 192404.368   680.382   111.34   88.17
 192779.431   690.152    26.04   93.48
 193154.485   678.331   -31.51   92.83
 193529.529   676.618    -4.57   88.29
 193904.563   698.049    57.14   75.18
 194279.588   706.643    22.91   74.97
 194654.603   699.247   -19.72   87.76
 195029.608   658.687  -108.15   95.47
 195404.604   630.493   -75.17   81.02
 195779.591   596.918   -89.53   79.63
 196154.568   547.038  -133.01  101.13
 196529.535   477.493  -185.45   94.15
 196904.493   435.660  -111.55   79.44
 197279.441   395.345  -107.51   69.95
 197654.380   397.710     6.31   82.42
 198029.309   412.793    40.22   85.34
 198404.228   412.593    -0.53   86.96
 198779.138   401.468   -29.67   77.13
 199154.039   388.998   -33.26   58.34
 199528.930   396.035    18.77   63.40
 199905.071   446.331   133.70   89.63
 200281.867   506.382   159.36   99.31
 200658.653   586.393   212.33  109.93
 201035.430   662.268   201.35   91.66
 201412.197   684.767    59.71   70.89
 201788.954   667.453   -45.95   87.26
 202165.702   635.562   -84.64   94.40
 202542.440   618.743   -44.64   79.46
 202919.169   616.511    -5.93   61.85
 203295.888   631.741    40.43   59.02
 203672.597   651.223    51.71   69.46
 204049.297   661.871    28.26   82.49
 204425.987   670.843    23.82   87.17
 204802.667   673.843     7.96   86.32
 205179.338   666.393   -19.78   77.86
 205556.000   660.843   -14.73   62.04
 205932.651   672.152    30.02   60.96
 206309.293   685.818    36.28   64.33
 206685.926   692.160    16.84   70.25
 207062.549   683.690   -22.49   79.71
 207439.162   672.100   -30.77   88.10
 207815.766   651.582   -54.48   86.65
 208192.360   648.690    -7.68   90.56
 208568.944   651.397     7.19   90.96
 208945.519   674.257    60.70   88.59
 209322.085   689.233    39.76   75.82
 209698.641   695.972    17.89   62.02
 210075.187   680.038   -42.31   63.96
 210451.723   665.254   -39.26   62.00
 210828.251   645.937   -51.30   63.69
 211204.768   635.696   -27.20   65.21
 211581.276   644.408    23.14   64.36
 211957.774   642.056    -6.25   54.29
 212334.263   632.845   -24.46   58.12
 212710.743   597.718   -93.29   81.15
 213087.212   534.665  -167.47   94.67
 213463.672   492.989  -110.69  109.61
 213840.123   422.943  -186.04  108.25
 214216.564   355.434  -179.31   93.12
 214592.996   313.768  -110.67   89.84
 214969.418   285.408   -75.33   91.42
 215345.830   252.623   -87.09   85.32
 215722.233   225.993   -70.74   73.96
 216098.627   189.203   -97.73   58.38
 216475.010   185.921    -8.72   50.02
 216851.385   208.766    60.69   62.91
 217227.750   227.718    50.35   65.21
 217604.105   238.844    29.56   57.84
 217980.451   208.536   -80.52   66.88
 218356.787   169.511  -103.69   59.21
 218733.114   153.207   -43.32   49.49
 219109.431   166.018    34.04   49.43
 219485.739   186.318    53.94   41.69
 219862.037   188.511     5.83   49.24
 220238.325   196.168    20.35   52.83
 220614.605   198.331     5.75   56.28
 220990.874   202.199    10.28   64.80
 221367.135   218.767    44.03   62.65
 221743.385   223.743    13.22   63.38
 222119.626   217.243   -17.27   76.34
 222495.858   205.613   -30.91   81.00
 222872.080   187.247   -48.81   90.73
 223248.293   160.434   -71.26   87.26
 223624.496   136.668   -63.16   65.29
 224000.690   118.613   -47.99   55.43
 224376.874   104.143   -38.46   45.48
 224753.049   112.893    23.26   48.93
 225129.215   130.291    46.24   48.10
 225505.370   132.397     5.60   41.03
 225881.517   139.870    19.86   39.76
 226257.654   151.093    29.84   51.10
 226633.781   160.043    23.79   53.35
 227009.899   171.818    31.30   46.24
 227386.008   176.562    12.61   38.11
 227762.107   177.950     3.69   42.00
 228138.197   186.543    22.85   41.04
 228514.277   193.111    17.46   40.74
 228890.348   207.485    38.22   43.05
 229266.409   217.918    27.74   42.40
 229642.461   226.503    22.82   43.69
 230018.503   243.184    44.35   44.08
 230394.536   249.916    17.90   43.82
 230770.560   267.213    45.99   38.85
 231146.574   286.318    50.80   41.47
 231522.578   297.055    28.55   37.74
 231898.574   296.152    -2.40   36.22
 232274.559   284.690   -30.48   42.77
 232650.536   266.143   -49.32   46.62
 233026.503   241.518   -65.49   39.38
 233402.460   231.023   -27.91   47.02
 233778.409   219.428   -30.84   52.19
 234154.347   207.359   -32.10   53.11
 234530.277   195.111   -32.58   47.63
 234906.196   187.562   -20.08   49.12
 235282.107   176.895   -28.37   46.67
 235658.008   161.068   -42.10   43.69
 236033.900   146.126   -39.75   37.09
 236409.782   140.043   -16.18   34.05
 236785.655   141.306     3.36   33.96
 237161.518   162.408    56.14   47.97
 237537.373   188.770    70.13   57.59
 237913.217   212.818    63.98   55.31
 238289.053   224.453    30.95   48.25
 238664.879   215.767   -23.11   42.46
 239040.695   197.368   -48.95   42.46
 239416.502   174.068   -61.99   45.12
 239792.300   153.485   -54.76   37.96
 240168.089   137.509   -42.51   37.77
 240543.868   120.082   -46.37   37.69
 240919.637   108.418   -31.03   38.91
 241295.398    92.690   -41.85   30.14
 241671.149    89.623    -8.16   29.96
 242046.890    97.184    20.12   35.66
 242422.623    99.318     5.68   35.65
 242798.345    98.493    -2.20   33.59
 243174.059    90.254   -21.93   34.53
 243549.763    71.379   -50.23   38.12
 243925.458    45.568   -68.69   40.33
 244301.144    26.639   -50.38   35.83
 244676.820    11.818   -39.44   25.77
 245052.487    11.345    -1.26   24.63
 245428.144    12.293     2.53   25.50
 245803.792    15.993     9.85   30.01
 246179.431    17.668     4.46   31.62
 246555.060    18.639     2.58   29.11
 246930.680    14.652   -10.61   25.79
 247306.291     6.068   -22.85   21.50
 247681.893     3.280    -7.42   21.27
 248057.485     2.357    -2.46   23.56
 248433.068    -2.632   -13.28   22.49
 248808.641    -0.002     7.00   23.59
 249184.205    -2.682    -7.13   22.59
 249559.760     0.203     7.68   22.02
 249935.306     6.418    16.55   24.37
 250310.842     6.818     1.06   25.87
 250686.369     9.716     7.71   28.45
 251061.887     9.628    -0.23   28.41
 251437.395    11.213     4.22   24.55
 251812.894    16.268    13.46   24.05
 252188.384    22.843    17.51   26.14
 252563.865    29.038    16.50   23.20
 252939.336    34.918    15.66   21.66
 253314.798    31.602    -8.83   21.70
 253690.250    24.872   -17.92   20.42
 254065.694    23.082    -4.77   22.15
 254441.128    15.218   -20.94   23.50
 254816.552    10.918   -11.45   25.72
 255191.968     4.943   -15.91   27.15
 255567.374     0.918   -10.72   25.35
 255942.771    -0.918    -4.89   20.83
 256318.159     0.965     5.02   20.01
 256693.537     5.989    13.38   18.95
 257068.906     6.844     2.28   19.61
 257444.266     1.843   -13.32   20.48
 257819.617    -2.464   -11.47   19.17
 258194.958    -8.450   -15.95   17.31
 258570.290   -16.053   -20.25   11.91
 258945.613   -17.982    -5.14    9.14
 259320.927   -13.797    11.15   14.13
 259696.231    -7.284    17.35   17.58
 260071.526     1.916    24.51   18.34
 260446.812     6.068    11.06   16.60
 260822.089    11.306    13.95   13.55
 261197.356    11.418     0.30   13.63
 261572.615    11.690     0.72   16.24
 261947.863     7.593   -10.92   17.58
 262323.103     7.397    -0.52   21.22
 262698.334     7.950     1.47   18.57
 263073.555     8.818     2.31   17.50
 263448.767    17.968    24.38   25.91
 263823.970    26.038    21.50   26.65
 264199.163    36.203    27.09   28.37
 264574.348    47.918    31.22   22.12
 264949.523    45.371    -6.79   17.88
 265324.689    43.013    -6.28   18.81
 265699.846    39.743    -8.72   16.16
 266074.993    43.023     8.74   15.95
 266450.132    46.443     9.11   14.23
 266825.261    48.716     6.06   14.04
 267200.381    45.152    -9.50   16.82
 267575.492    39.950   -13.87   15.48
 267950.593    34.382   -14.84   14.75
 268325.686    32.018    -6.30   11.87
 268700.769    38.254    16.62   15.06
 269075.843    39.418     3.10   14.99
 269450.908    41.291     4.99   15.41
 269825.963    34.511   -18.07   15.48
 270201.010    26.239   -22.05   13.94
 270576.047    22.950    -8.77   12.43
 270951.075    19.280    -9.78   13.29
 271326.094    17.950    -3.55   14.68
 271701.104    13.382   -12.18   16.50
 272076.104     4.345   -24.10   18.54
 272451.096    -2.133   -17.27   14.60
 272826.078    -9.255   -18.99   11.95
 273201.051   -13.155   -10.40   11.13
 273576.015   -16.857    -9.87   10.22
 273950.970   -21.313   -11.88    5.78
 274325.916   -21.962    -1.73    4.53
 274700.852   -20.232     4.61    5.66
 275077.411   -16.524     9.85    9.08
 275454.169   -13.011     9.32    9.78
 275830.917   -10.618     6.35   10.71
 276207.656   -12.426    -4.80   11.27
 276584.386   -11.771     1.74   14.91
 276961.107   -13.840    -5.49   14.97
 277337.818   -10.874     7.87   19.65
 277714.520    -8.105     7.35   21.72
 278091.213   -11.432    -8.83   19.50
 278467.897   -15.259   -10.16   19.51
 278844.572   -20.962   -15.14   13.26
 279221.237   -23.746    -7.39    9.99
 279597.893   -23.945    -0.53    8.56
 279974.540   -23.129     2.17    8.25
 280351.178   -22.787     0.91    6.86
 280727.806   -23.007    -0.58    5.42
 281104.425   -21.618     3.69    5.70
 281481.035   -20.882     1.95    6.79
 281857.636   -19.874     2.68    7.37
 282234.228   -17.071     7.44    9.55
 282610.810   -10.523    17.38   16.84
 282987.384    -2.259    21.94   21.80
 283363.948     7.511    25.94   26.37
 283740.503    17.768    27.24   29.00
 284117.048    27.511    25.87   28.16
 284493.585    40.443    34.34   24.71
 284870.112    49.485    24.01   22.36
 285246.631    54.568    13.50   20.29
 285623.140    57.536     7.88   17.85
 285999.639    61.844    11.44   19.79
 286376.130    65.428     9.52   20.49
 286752.612    63.089    -6.21   21.15
 287129.084    64.100     2.69   20.33
 287505.547    61.793    -6.13   19.20
 287882.001    58.293    -9.30   18.01
 288258.446    58.168    -0.33   19.48
 288634.882    54.263   -10.37   20.11
 289011.308    50.450   -10.13   17.28
 289387.726    43.950   -17.27   18.88
 289764.134    41.870    -5.53   20.40
 290140.533    39.562    -6.13   21.31
 290516.923    40.998     3.81   27.26
 290893.304    40.690    -0.82   24.47
 291269.676    39.895    -2.11   23.21
 291646.038    35.947   -10.49   23.59
 292022.392    35.453    -1.31   24.26
 292398.736    35.793     0.90   24.26
 292775.071    23.550   -32.53   23.09
 293151.397    18.280   -14.00   22.34
 293527.714    13.993   -11.39   21.70
 293904.022    10.639    -8.91   18.02
 294280.321    11.767     3.00   14.94
 294656.611     9.233    -6.73   16.09
 295032.891     6.239    -7.95   16.04
 295409.162    12.593    16.88   18.93
 295785.425    20.108    19.97   17.89
 296161.678    28.989    23.60   15.01
 296537.922    33.818    12.83   13.31
 296914.157    32.634    -3.15   14.10
 297290.383    21.152   -30.51   21.13
 297666.600    12.518   -22.94   18.68
 298042.807     7.382   -13.65   16.26
 298419.006     4.468    -7.74   12.23
 298795.195     6.766     6.11   10.80
 299171.376    10.143     8.98   13.60
 299547.547     9.985    -0.42   14.80
 299923.709     8.343    -4.36   16.67
 300299.862     8.623     0.74   17.57
 300676.007     6.493    -5.66   18.29
 301052.142     8.568     5.52   20.75
 301428.268     8.660     0.24   21.89
 301804.384    -0.253   -23.69   19.32
 302180.492    -5.182   -13.10   14.71
 302556.591    -4.900     0.75   12.35
 302932.681     2.443    19.52   15.17
 303308.761     9.280    18.18   14.13
 303684.833    11.080     4.79   13.05
 304060.895     7.254   -10.17   12.03
 304436.949     3.268   -10.60   10.23
 304812.993     0.741    -6.72   10.41
 305189.029     0.408    -0.89    9.39
 305565.055     0.843     1.16    8.57
 305941.072    -1.543    -6.34    9.76
 306317.081    -4.259    -7.22   10.65
 306693.080    -3.412     2.25   12.08
 307069.070     0.818    11.25   14.60
 307445.051     8.518    20.48   13.98
 307821.023    14.292    15.35    9.89
 308196.986    16.382     5.56   10.00
 308572.940    13.588    -7.43   13.44
 308948.885    12.075    -4.02   13.96
 309324.821    11.916    -0.42   13.89
 309700.748    14.082     5.76   13.63
 310076.666    15.118     2.76   13.11
 310452.575    13.536    -4.21   11.26
 310828.475    16.268     7.27   10.98
 311204.366    21.477    13.85   10.66
 311580.248    25.511    10.73   12.73
 311956.121    25.428    -0.22   10.87
 312331.985    25.134    -0.78   11.00
 312707.840    21.404    -9.92   11.09
 313083.686    16.741   -12.40    8.59
 313459.523    12.062   -12.45    9.43
 313835.351     8.521    -9.42   10.84
 314211.170     6.559    -5.22   10.31
