# NaN NaN NaN ;Mean Elev.(m), Avg Gradient(m/km), RMS Gradient(m/km) - SRTM1     
# NaN NaN NaN ;Mean Elev.(m), Avg Gradient(m/km), RMS Gradient(m/km) - ASTER GDEM
#   14.357  -3.019   7.397 ;Mean Elev.(m), Avg Gradient(m/km), RMS Gradient(m/km) - GMTED2010 
  8    85.169 52480.64454336 11.63  95.122166  18.503569  8.023
  8    84.535 52480.64454401  8.87  95.121386  18.506869  8.023
  8    82.740 52480.64454465  6.69  95.120606  18.510169  8.023
  9    25.304 52515.64448842 44.01  95.138590  18.480188 22.440
  9    25.291 52515.64448906 47.15  95.137810  18.483488 22.440
  9    25.397 52515.64449164 46.31  95.134694  18.496680 27.702
  9    25.423 52515.64449229 45.29  95.133914  18.499980 27.702
  9    25.510 52515.64449293 43.30  95.133134  18.503280 27.702
 10    56.807 52550.64454056 11.98  95.119226  18.506104  5.496
 10    82.081 52550.64454120  6.25  95.118446  18.509404  5.496
 11    16.793 52585.64450769 43.91  95.141616  18.476904 22.928
 11    16.865 52585.64450834 42.42  95.140836  18.480204 22.928
 11    16.903 52585.64450898 38.33  95.140056  18.483504 22.928
 11    17.323 52585.64450963 34.85  95.139266  18.486804 22.928
 11    17.263 52585.64451092 30.59  95.137706  18.493404 22.928
 11    17.239 52585.64451156 23.46  95.136926  18.496704 22.928
 11    17.317 52585.64451221 24.68  95.136146  18.500004 22.928
 12    15.381 52620.64449395 32.99  95.127573  18.497483 13.714
 12    23.221 52620.64449459 27.36  95.126793  18.500783 13.714
 12    16.893 52620.64449524 20.87  95.126013  18.504083 13.714
 12    17.386 52620.64449588 20.34  95.125223  18.507383 13.714
 15    13.988 52725.64452254 36.93  95.128657  18.499235 30.946
 15    14.033 52725.64452319 50.98  95.127877  18.502535 30.946
 15    13.936 52725.64452383 54.64  95.127097  18.505835 30.946
 17    16.393 52795.64449740 25.28  95.131201  18.499090 19.877
 17    16.703 52795.64449804 19.13  95.130412  18.502381  7.515
 17    22.440 52795.64449869 16.85  95.129632  18.505681  7.515
 18    23.897 52830.64456374 49.89  95.132824  18.498423 29.828
 18    23.872 52830.64456439 46.99  95.132044  18.501723 29.828
 18    23.923 52830.64456503 47.07  95.131263  18.505023 45.303
 19    24.456 52865.64460312 27.88  95.141284  18.475872 12.343
 19    24.036 52865.64460377 25.43  95.140504  18.479172 12.343
 19    23.049 52865.64460441 26.22  95.139724  18.482472 12.343
 19    23.727 52865.64460506 22.68  95.138944  18.485772 12.343
 19    22.416 52865.64460699 18.13  95.136594  18.495672 12.343
 19    23.672 52865.64460764 17.86  95.135814  18.498972 12.343
 19    23.568 52865.64460828 20.10  95.135034  18.502272 12.343
 20    22.398 52900.64463666 31.66  95.126910  18.499244 14.422
 20    24.016 52900.64463731 26.10  95.126130  18.502544 14.422
 20    22.757 52900.64463795 27.51  95.125350  18.505844 14.422
 21    21.070 52935.64457822 51.30  95.127876  18.497808 24.125
 21    20.936 52935.64457886 51.58  95.127096  18.501108 24.125
 21    20.931 52935.64457951 54.24  95.126316  18.504408 24.125
 21    20.951 52935.64458015 53.98  95.125526  18.507708 24.125
 22    16.058 52970.64460016 31.23  95.125320  18.501779 20.665
 22    15.995 52970.64460081 32.44  95.124540  18.505079 20.665
 22    16.038 52970.64460145 47.48  95.123760  18.508379 20.665
 23    15.052 53005.64461659 39.22  95.119723  18.507428 23.711
 23    14.971 53005.64461723 47.83  95.118943  18.510728 23.711
 24    14.311 53040.64456749 35.15  95.120463  18.507189 18.968
 24    14.285 53040.64456813 37.59  95.119683  18.510489 18.968
 25    13.912 53075.64459930 19.73  95.123306  18.504900  9.383
 25    13.808 53075.64459994 14.99  95.122516  18.508200  9.383
 26    14.815 53110.64457044 14.35  95.117044  18.509678 16.415
 26    15.441 53110.64457109 15.29  95.116264  18.512978 16.415
 27    16.901 53145.64461187 18.42  95.122896  18.504564  7.829
 27    16.749 53145.64461251 15.43  95.122106  18.507864  7.829
 28    21.084 53180.64462030 42.02  95.131634  18.498313 25.027
 28    21.056 53180.64462095 48.52  95.130854  18.501613 25.027
 28    21.053 53180.64462159 41.05  95.130074  18.504913 25.027
 29    26.521 53215.64464345 43.83  95.125234  18.501842 15.653
 29    26.412 53215.64464410 41.36  95.124450  18.505134 37.451
 29    26.489 53215.64464474 41.48  95.123670  18.508434 37.451
 30    24.487 53250.64461840 30.96  95.126951  18.499848 21.560
 30    24.181 53250.64461904 22.72  95.126171  18.503148 21.560
 30    21.952 53250.64461968 23.32  95.125391  18.506448 21.560
 31    43.827 53285.64461410 20.30  95.118524  18.506356 23.333
 31    43.154 53285.64461474 24.20  95.117734  18.509656 23.333
 32    17.385 53320.64458754 42.26  95.140769  18.476733 34.482
 32    17.670 53320.64458819 49.38  95.139989  18.480033 34.482
 32    17.775 53320.64458883 52.26  95.139199  18.483333 34.482
 32    18.053 53320.64458948 41.12  95.138419  18.486633 34.482
 32    17.981 53320.64459141 28.77  95.136079  18.496533 34.482
 32    18.023 53320.64459206 36.64  95.135299  18.499833 34.482
 32    18.022 53320.64459270 50.97  95.134519  18.503133 34.482
 33    15.785 53355.64455644 37.33  95.140915  18.476671 23.385
 33    15.716 53355.64455709 44.06  95.140135  18.479971 23.385
 33    16.061 53355.64455773 45.14  95.139355  18.483271 23.385
 33    15.824 53355.64455838 29.35  95.138575  18.486571 23.385
 33    15.674 53355.64456031 27.02  95.136235  18.496471 23.385
 33    15.898 53355.64456096 27.71  95.135455  18.499771 23.385
 33    16.074 53355.64456160 29.64  95.134675  18.503071 23.385
 34    15.152 53390.64457224 52.49  95.123622  18.503637 21.492
 34    15.196 53390.64457288 51.83  95.122842  18.506937 21.492
 35    14.411 53425.64456478 31.31  95.137688  18.481764 29.613
 35    14.731 53425.64456801 48.71  95.133788  18.498264 29.613
 35    15.017 53425.64456865 53.58  95.132998  18.501564 29.613
 35    14.914 53425.64456930 50.86  95.132218  18.504864 29.613
 36    15.924 53460.64457622 24.62  95.131362  18.498932 12.209
 36    15.950 53460.64457686 15.79  95.130582  18.502232 12.209
 36    15.905 53460.64457751 13.81  95.129802  18.505532 12.209
 37    17.229 53495.64466103 12.28  95.116938  18.509875 29.091
 37    17.933 53495.64466168 13.85  95.116158  18.513175 29.091
 38    15.779 53530.64463201 38.46  95.137407  18.482420 20.678
 38    15.607 53530.64463523 25.71  95.133497  18.498920 20.678
 38    15.531 53530.64463588 20.44  95.132717  18.502220 20.678
 39    84.208 53565.64466435 12.30  95.120746  18.505375  3.965
 39    82.932 53565.64466499  8.91  95.119966  18.508675  3.965
 40    23.591 53600.64460536 18.22  95.131909  18.497467 16.842
 40    23.459 53600.64460601 19.38  95.131129  18.500767 16.842
 40    23.395 53600.64460665 21.48  95.130339  18.504067 16.842
 40    23.688 53600.64460729 24.78  95.129559  18.507367 16.842
 41    85.181 53635.64460420 13.08  95.120808  18.505306  4.190
 41    81.863 53635.64460484 10.12  95.120028  18.508596  4.190
 42    84.921 53670.64462509  5.44  95.120768  18.504478  3.928
 42    83.138 53670.64462574  4.09  95.119988  18.507778  3.928
 42    81.144 53670.64462638  2.62  95.119208  18.511078  3.928
 43    15.691 53705.64455295 32.88  95.141189  18.476783 20.253
 43    15.544 53705.64455360 31.96  95.140409  18.480083 20.253
 43    15.529 53705.64455424 27.61  95.139629  18.483383 20.253
 43    15.491 53705.64455489 20.01  95.138849  18.486683 20.253
 43    15.757 53705.64455682 25.41  95.136509  18.496583 20.253
 43    15.833 53705.64455747 23.58  95.135729  18.499883 20.253
 44    15.156 53740.64446496 42.56  95.141529  18.474182 24.077
 44    14.605 53740.64446560 31.56  95.140749  18.477482 24.077
 44    14.639 53740.64446624 33.59  95.139969  18.480782 24.077
 44    14.741 53740.64446689 32.39  95.139189  18.484082 24.077
 44    14.670 53740.64446753 28.75  95.138409  18.487382 24.077
 44    15.021 53740.64446947 27.22  95.136069  18.497282 24.077
 44    15.098 53740.64447011 23.92  95.135289  18.500582 24.077
 45    14.444 53775.64449098 26.17  95.133538  18.496332 20.270
 45    14.200 53775.64449163 31.26  95.132758  18.499632 20.270
 45    13.925 53775.64449227 26.76  95.131978  18.502932 20.270
 46    14.224 53810.64447213 27.57  95.133717  18.496894 17.398
 46    14.185 53810.64447278 30.36  95.132937  18.500194 17.398
 46    18.980 53810.64447342 22.27  95.132157  18.503494 17.398
 47    14.464 53845.64451988 17.92  95.122562  18.504086  6.149
 47    14.616 53845.64452053 15.44  95.121782  18.507386  6.149
 48    16.541 53880.64454460 25.04  95.131198  18.499210 19.816
 48    23.523 53880.64454525 21.74  95.130418  18.502510 19.816
 48    20.911 53880.64454589 21.69  95.129638  18.505810 19.816
 49    81.993 53915.64460482 11.06  95.118392  18.507100  7.568
 49    67.211 53915.64460546  9.82  95.117612  18.510400  7.568
 50    81.153 53950.64461362 12.08  95.116544  18.509895  5.773
 50    66.333 53950.64461426 10.38  95.115764  18.513195  5.773
 51    22.254 53985.64454708 48.72  95.129757  18.499068 32.170
 51    22.217 53985.64454772 48.10  95.128977  18.502368 32.170
 51    22.247 53985.64454837 49.60  95.128197  18.505668 32.170
 52    22.658 54020.64458633 52.30  95.127917  18.497417 26.068
 52    22.789 54020.64458698 50.59  95.127137  18.500717 26.068
 52    22.628 54020.64458762 49.73  95.126347  18.504017 26.068
 52    22.746 54020.64458826 49.79  95.125567  18.507317 26.068
 53    16.620 54055.64457281 34.84  95.141784  18.475490 29.684
 53    16.689 54055.64457346 41.13  95.141004  18.478790 29.684
 53    16.813 54055.64457410 47.42  95.140224  18.482090 29.684
 53    16.513 54055.64457475 38.19  95.139434  18.485390 29.684
 53    16.587 54055.64457539 28.79  95.138654  18.488690 29.684
 53    17.118 54055.64457668 43.33  95.137094  18.495290 29.684
 53    16.866 54055.64457733 48.13  95.136314  18.498590 29.684
 53    16.982 54055.64457797 45.73  95.135534  18.501890 29.684
 54    15.120 54090.64456440 27.82  95.130495  18.500331 16.807
 54    15.560 54090.64456505 25.44  95.129715  18.503631 16.807
 54    16.076 54090.64456569 27.40  95.128935  18.506931 16.807
 55    14.546 54125.64449376 36.48  95.126983  18.500060 32.990
 55    14.471 54125.64449441 38.40  95.126203  18.503360 32.990
 55    14.373 54125.64449505 42.73  95.125413  18.506660 32.990
 56    14.612 54160.64453194 33.93  95.127382  18.498720 14.889
 56    14.668 54160.64453258 35.47  95.126602  18.502020 14.889
 56    14.936 54160.64453322 19.33  95.125822  18.505320 14.889
 56    15.624 54160.64453387 17.09  95.125032  18.508620 14.889
 57    14.048 54195.64449512 31.63  95.127033  18.499448 14.555
 57    14.048 54195.64449576 48.30  95.126253  18.502738 14.555
 57    14.126 54195.64449641 42.09  95.125473  18.506038 14.555
 58    15.320 54230.64454479 44.77  95.127903  18.498962 22.365
 58    15.498 54230.64454544 43.98  95.127113  18.502262 22.365
 58    15.299 54230.64454608 29.90  95.126333  18.505562 22.365
 59    16.940 54265.64456280 47.92  95.128305  18.500379 22.269
 59    16.783 54265.64456344 44.76  95.127515  18.503679 22.269
 59    17.116 54265.64456409 36.81  95.126735  18.506979 22.269
 60    22.754 54300.64456658 26.55  95.129869  18.498015 22.926
 60    22.493 54300.64456723 25.45  95.129079  18.501315 22.926
 60    22.471 54300.64456787 23.23  95.128299  18.504615 22.926
 60    22.625 54300.64456852 26.71  95.127519  18.507915 22.926
 61    24.242 54335.64455540 40.58  95.129757  18.499399 26.911
 61    24.133 54335.64455604 34.26  95.128977  18.502699 26.911
 61    24.139 54335.64455669 32.19  95.128197  18.505999 26.911
 63    21.453 54405.64449969 43.17  95.128367  18.498967 22.511
 63    21.528 54405.64450034 48.11  95.127587  18.502267 22.511
 63    21.576 54405.64450098 51.90  95.126807  18.505567 22.511
 64    16.463 54440.64445720 29.63  95.126904  18.497951  8.870
 64    16.549 54440.64445784 21.68  95.126124  18.501251  8.870
 64    16.636 54440.64445849 20.82  95.125344  18.504541  8.870
 64    16.893 54440.64445913 23.39  95.124561  18.507851 19.789
 65    15.720 54475.64448729 48.30  95.129303  18.500323 28.328
 65    15.709 54475.64448793 49.23  95.128513  18.503623 28.328
 65    15.643 54475.64448858 47.83  95.127733  18.506923 28.328
 66    15.344 54510.64447229 38.98  95.127389  18.498496 21.405
 66    15.439 54510.64447294 35.53  95.126609  18.501796 21.405
 66    15.784 54510.64447358 22.44  95.125829  18.505096 21.405
 66    16.381 54510.64447422 18.54  95.125049  18.508396 21.405
 67    14.732 54545.64450170 35.75  95.128745  18.501068 19.831
 67    14.781 54545.64450234 29.35  95.127965  18.504368 19.831
 67    14.728 54545.64450299 30.91  95.127185  18.507668 19.831
 68    14.952 54580.64446816 27.38  95.129697  18.498460 15.515
 68    15.022 54580.64446881 26.82  95.128917  18.501760 15.515
 68    14.868 54580.64446945 19.97  95.128137  18.505060 15.515
 68    14.600 54580.64447010 15.36  95.127357  18.508360 15.515
 69    16.648 54615.64449125 28.06  95.129239  18.500680 14.525
 69    16.576 54615.64449189 20.34  95.128459  18.503980 14.525
 69    16.822 54615.64449254 16.76  95.127679  18.507280 14.525
 70    22.993 54650.64450415 21.79  95.125147  18.503781 21.391
 70    22.703 54650.64450479 26.86  95.124367  18.507081 21.391
 71    24.566 54685.64449698 37.32  95.128546  18.500993 31.948
 71    24.381 54685.64449763 33.96  95.127766  18.504293 31.948
 71    24.458 54685.64449827 32.21  95.126986  18.507593 31.948
 72    24.625 54720.64444798 46.88  95.127501  18.498648 33.242
 72    24.499 54720.64444862 44.44  95.126721  18.501948 33.242
 72    24.547 54720.64444927 39.63  95.125931  18.505248 33.242
 72    24.620 54720.64444991 38.00  95.125151  18.508548 33.242
 73    20.872 54755.64447121 43.95  95.127564  18.500721 30.051
 73    20.692 54755.64447185 46.15  95.126784  18.504021 30.051
 73    20.802 54755.64447250 40.69  95.126004  18.507321 30.051
 74    17.568 54790.64444148 45.85  95.124783  18.501779 18.631
 74    17.482 54790.64444213 37.34  95.124003  18.505079 18.631
 74    17.346 54790.64444277 40.49  95.123223  18.508379 18.631
 75    15.772 54825.64446771 46.27  95.127718  18.500728 26.245
 75    15.787 54825.64446836 50.86  95.126938  18.504028 26.245
 75    15.760 54825.64446900 51.72  95.126158  18.507328 26.245
 76    15.150 54860.64443450 47.10  95.127950  18.497722 24.599
 76    14.776 54860.64443515 39.66  95.127170  18.501022 24.599
 76    14.725 54860.64443579 42.97  95.126390  18.504322 24.599
 76    14.686 54860.64443643 45.77  95.125610  18.507622 24.599
 77    14.693 54895.64446826 25.67  95.127392  18.500059 14.287
 77    14.169 54895.64446891 21.36  95.126612  18.503359 14.287
 77    14.002 54895.64446955 14.01  95.125832  18.506659 14.287
 78    13.938 54930.64443364 23.65  95.124288  18.504390 10.137
 78    13.847 54930.64443429 18.34  95.123498  18.507690 10.137
 79    14.448 54965.64446889 22.16  95.128000  18.497413 14.097
 79    14.428 54965.64446953 27.03  95.127220  18.500713 14.097
 79    14.420 54965.64447018 25.91  95.126440  18.504013 14.097
 79    14.319 54965.64447082 18.11  95.125650  18.507313 14.097
 80    18.335 55000.64449020 23.23  95.124077  18.504521 19.611
 80    18.385 55000.64449084 23.46  95.123297  18.507821 19.611
 81    24.102 55035.64447473 19.69  95.128813  18.500512 21.676
 81    22.186 55035.64447537 22.06  95.128033  18.503812 21.676
 81    22.596 55035.64447602 23.91  95.127243  18.507112 21.676
 82    23.487 55070.64446451 48.88  95.128882  18.501219 36.103
 82    23.527 55070.64446516 47.50  95.128102  18.504519 36.103
 82    23.457 55070.64446580 48.07  95.127322  18.507819 36.103
 83    23.515 55105.64440745 46.73  95.124408  18.503471 17.034
 83    23.443 55105.64440810 46.68  95.123618  18.506771 17.034
 84    17.190 55140.64441224 33.78  95.128543  18.497727 25.987
 84    17.239 55140.64441288 33.07  95.127763  18.501027 25.987
 84    17.324 55140.64441353 40.38  95.126983  18.504327 25.987
 84    17.262 55140.64441417 47.77  95.126193  18.507627 25.987
 85    15.240 55175.64437402 48.84  95.127893  18.497707 28.040
 85    15.435 55175.64437467 50.19  95.127113  18.501007 28.040
 85    15.225 55175.64437531 40.73  95.126323  18.504307 28.040
 85    15.241 55175.64437596 34.83  95.125543  18.507607 28.040
 86    14.742 55210.64440791 43.72  95.127748  18.499731 32.185
 86    14.494 55210.64440855 52.09  95.126968  18.503031 32.185
 86    14.428 55210.64440920 52.45  95.126188  18.506331 32.185
 87    15.214 55245.64437956 25.74  95.126908  18.498684 23.077
 87    13.771 55245.64438021 46.81  95.126128  18.501984 23.077
 87    13.859 55245.64438085 52.56  95.125348  18.505284 23.077
 87    13.820 55245.64438149 48.17  95.124568  18.508584 23.077
 88    14.212 55280.64440145 25.67  95.127977  18.500096 13.804
 88    13.916 55280.64440209 18.29  95.127197  18.503396 13.804
 88    13.761 55280.64440274 17.02  95.126417  18.506696 13.804
 89    16.373 55315.64436818 26.15  95.126982  18.499283  9.706
 89    16.314 55315.64436882 17.18  95.126202  18.502583  9.706
 89    17.899 55315.64436947 12.10  95.125422  18.505883  9.706
 90    18.341 55350.64437357 20.08  95.128566  18.500870  9.857
 90    17.980 55350.64437421 16.99  95.127786  18.504170  9.857
 90    18.068 55350.64437486 16.86  95.126996  18.507470  9.857
 91    23.806 55385.64436801 43.32  95.124354  18.503851 15.714
 91    23.716 55385.64436865 38.32  95.123564  18.507151 15.714
 92    24.175 55420.64439153 41.88  95.129015  18.498940 29.901
 92    24.112 55420.64439217 41.56  95.128235  18.502240 29.901
 92    23.993 55420.64439281 33.44  95.127455  18.505540 29.901
 93    24.534 55455.64436817 18.84  95.129462  18.500933 18.499
 93    23.748 55455.64436881 19.18  95.128683  18.504226 28.397
 93    23.211 55455.64436946 26.18  95.127903  18.507526 28.397
 94    25.041 55490.64428464 24.04  95.133277  18.496018 17.518
 94    24.669 55490.64428528 23.27  95.132497  18.499318 17.518
 94    24.396 55490.64428593 23.01  95.131707  18.502618 17.518
 94    24.608 55490.64428657 24.20  95.130937  18.505918 17.518
