# NaN NaN NaN ;Mean Elev.(m), Avg Gradient(m/km), RMS Gradient(m/km) - SRTM1     
#   43.999  -0.258   6.409 ;Mean Elev.(m), Avg Gradient(m/km), RMS Gradient(m/km) - ASTER GDEM
#   78.004  -0.758   3.021 ;Mean Elev.(m), Avg Gradient(m/km), RMS Gradient(m/km) - GMTED2010 
  8  95.979303  23.161845    85.271    85.271  2 52481.16031213 21.652
  9  95.981999  23.144885    79.114    79.134  7 52516.16026697 23.121
 10  95.980278  23.157893    80.153    80.112  3 52551.16031222 39.206
 11  95.981317  23.121077    74.926    74.857 14 52586.16029180 20.466
 12  95.980316  23.161462    80.578    77.110  3 52621.16026290 17.972
 15  95.981585  23.144200    73.385    73.350  7 52726.16029606 23.797
 17  95.982151  23.119810    74.503    74.479 15 52796.16027519 20.056
 18  95.980813  23.108683    82.378    82.380 13 52831.16034410 24.135
 19  95.980822  23.106868    80.163    78.956 12 52866.16038818 22.454
 20  95.980877  23.157495    78.609    78.633  4 52901.16040681 33.786
 21  95.979317  23.160467    77.087    77.087  2 52936.16034754 30.478
 22  95.981409  23.150352    77.103    75.319  6 52971.16037343 21.493
 24  95.981170  23.149806    73.443    73.423  5 53041.16033909 21.512
 25  95.979361  23.161669    73.269    73.269  2 53076.16036981 17.400
 26  95.980314  23.160205    74.902    74.916  3 53111.16033992 14.420
 27  95.980587  23.156374    77.869    77.851  3 53146.16038326 46.425
 28  95.981397  23.133173    79.518    79.452 11 53181.16039546 20.072
 29  95.980948  23.155575    85.568    85.507  3 53216.16041412 18.628
 31  95.980155  23.160003    79.660    79.660  4 53286.16038479 28.585
 32  95.981162  23.111647    76.057    75.354 13 53321.16037026 20.899
 33  95.981306  23.131857    74.266    74.197 12 53356.16033589 45.985
 34  95.981803  23.147119    76.180    75.954  7 53391.16034553 19.887
 35  95.981462  23.135424    75.101    75.101 11 53426.16034438 23.029
 36  95.981304  23.122255    76.160    76.203 15 53461.16035729 24.654
 38  95.981297  23.131819    74.114    74.143 11 53531.16041250 25.927
 40  95.981362  23.148525    80.992    80.977  6 53601.16037887 22.973
 41  95.981268  23.156428    81.097    79.015  4 53636.16037455 19.150
 42  95.979472  23.163043    90.977    90.977  2 53671.16039461 18.190
 43  95.981160  23.127174    74.076    73.891 14 53706.16033356 21.307
 44  95.981084  23.147404    73.920    73.893  6 53741.16024294 21.002
 46  95.981282  23.149752    73.720    73.721  5 53811.16024492 29.144
 47  95.981281  23.153862    74.686    74.577  5 53846.16029203 21.417
 48  95.981028  23.126174    74.196    74.089 13 53881.16032150 22.510
 52  95.981585  23.139009    78.365    78.384  9 54021.16036186 24.497
 53  95.981586  23.115426    74.719    74.354 17 54056.16035830 22.967
 54  95.981423  23.152851    74.073    74.102  5 54091.16033657 22.867
 55  95.981860  23.135191    73.270    73.290 11 54126.16027018 23.127
 56  95.980865  23.152731    73.707    73.676  4 54161.16030448 18.643
 57  95.982048  23.141993    73.555    73.546  7 54196.16027103 43.292
 58  95.981629  23.145990    73.776    73.742  7 54231.16031801 36.559
 59  95.982002  23.146112    79.982    79.174  7 54266.16033549 16.838
 60  95.981724  23.144723    80.927    80.963  6 54301.16034084 18.453
 61  95.981151  23.148930    82.292    82.248  6 54336.16032792 20.179
 62  95.981559  23.137590    78.000    77.881 10 54371.16027435 20.478
 63  95.981268  23.152706    81.485    77.891  5 54406.16027212 16.939
 64  95.981578  23.131716    74.791    74.627 12 54441.16023380 19.222
 65  95.982249  23.144775    74.043    74.051  7 54476.16026128 21.707
 66  95.981481  23.135250    74.741    74.761 11 54511.16024919 18.963
 67  95.981159  23.148597    74.674    74.718  6 54546.16027466 30.565
 68  95.981472  23.139461    74.555    74.587 10 54581.16024350 17.311
 69  95.981848  23.144313    79.607    79.636  7 54616.16026445 20.079
 70  95.981238  23.153275    80.850    80.834  4 54651.16027576 22.648
 71  95.981331  23.153505    80.918    80.922  4 54686.16026808 30.483
 72  95.981410  23.132764    81.889    81.876 11 54721.16022462 40.540
 73  95.981523  23.151125    84.841    87.140  5 54756.16024378 16.197
 74  95.981659  23.143229    75.381    75.365  7 54791.16021644 24.519
 75  95.982110  23.146125    74.463    74.494  7 54826.16024104 27.558
 76  95.981712  23.136601    73.725    73.733 10 54861.16021125 31.970
 77  95.980719  23.154279    74.294    74.321  4 54896.16024071 21.263
 78  95.981438  23.145904    74.394    74.397  6 54931.16020640 30.709
 79  95.981331  23.148732    74.439    74.397  6 54966.16024167 37.181
 80  95.980640  23.156939    89.205    89.327  3 55001.16026062 15.993
 81  95.981761  23.143774    78.737    78.675  7 55036.16024862 15.131
 82  95.981074  23.153085    82.510    82.541  4 55071.16023543 36.289
 83  95.981955  23.145445    78.027    78.021  7 55106.16018067 38.039
 84  95.981308  23.152945    75.687    75.799  4 55141.16018558 22.774
 85  95.981285  23.131212    74.264    74.259 12 55176.16015188 26.201
 87  95.981798  23.144045    73.490    73.519  7 55246.16015443 26.733
 88  95.981147  23.154078    73.904    73.906  4 55281.16017333 21.569
 89  95.980958  23.149622    77.526    77.537  5 55316.16014098 34.521
 90  95.981230  23.150834    77.324    77.319  6 55351.16014595 44.226
 91  95.981400  23.145670    82.845    82.859  6 55386.16014150 22.540
 92  95.981705  23.145404    80.084    80.081  6 55421.16016491 18.998
 93  95.981390  23.153522    80.257    80.246  5 55456.16013906 41.742
