-284339.454   -14.357     0.00    0.00
-283963.090   -14.357     0.00    0.00
-283586.717   -14.357     0.00    0.00
-283210.335   -14.357     0.00    0.00
-282833.945   -14.357     0.00    0.00
-282457.547   -14.357     0.00    0.00
-282081.140   -14.357     0.00    0.00
-281704.725   -14.107     0.66    0.78
-281328.301   -13.894     0.57    1.21
-280951.869   -13.632     0.69    1.47
-280575.429   -13.832    -0.53    1.22
-280198.980   -13.831     0.00    1.20
-279822.522   -13.286     1.45    1.97
-279446.056   -12.932     0.94    2.19
-279069.582   -12.563     0.98    2.30
-278693.099   -11.957     1.61    2.41
-278316.608   -11.742     0.57    2.36
-277940.108   -11.548     0.52    2.28
-277563.599   -10.989     1.48    2.12
-277187.083   -10.896     0.25    1.94
-276810.558   -10.793     0.27    1.59
-276434.024   -10.665     0.34    1.38
-276057.482   -10.967    -0.80    1.12
-275680.931   -10.817     0.40    0.96
-275304.372   -10.772     0.12    0.95
-274927.804   -10.857    -0.23    0.98
-274551.228   -10.742     0.31    1.04
-274174.644   -10.896    -0.41    1.07
-273798.051   -11.087    -0.51    1.02
-273421.449   -10.907     0.48    1.08
-273044.839   -10.998    -0.24    1.06
-272668.220   -11.204    -0.54    1.09
-272291.593   -11.152     0.14    1.10
-271914.958   -11.468    -0.84    1.01
-271538.314   -11.307     0.43    1.15
-271161.661   -11.229     0.21    1.15
-270785.000   -10.896     0.88    0.97
-270408.330   -10.832     0.17    0.99
-270031.652   -11.075    -0.64    1.00
-269654.965   -10.882     0.51    0.93
-269278.270   -10.793     0.24    0.97
-268901.567   -10.807    -0.04    0.85
-268524.854   -11.024    -0.58    0.96
-268148.134   -10.973     0.14    0.91
-267771.404   -11.040    -0.18    1.11
-267396.318   -10.844     0.52    1.30
-267021.271   -10.588     0.68    1.69
-266646.216   -10.382     0.55    1.97
-266271.152   -10.306     0.20    1.62
-265896.079   -10.332    -0.07    1.10
-265520.998   -10.246     0.23    1.14
-265145.909   -10.305    -0.16    1.14
-264770.811   -10.278     0.07    1.15
-264395.705   -10.182     0.26    1.20
-264020.590   -10.382    -0.53    1.21
-263645.467   -10.563    -0.48    1.28
-263270.335   -10.607    -0.12    1.10
-262895.195   -10.594     0.04    1.38
-262520.046   -10.284     0.83    1.37
-262144.889   -10.138     0.39    1.26
-261769.723   -10.252    -0.30    1.25
-261394.549   -10.582    -0.88    1.07
-261019.367   -10.716    -0.36    0.93
-260644.175   -10.553     0.44    1.05
-260268.976   -10.409     0.38    1.19
-259893.768   -10.332     0.20    1.14
-259518.551   -10.178     0.41    1.25
-259143.326    -9.665     1.37    1.51
-258768.092    -9.557     0.29    1.84
-258392.850    -9.718    -0.43    1.84
-258017.600   -10.152    -1.16    1.73
-257642.340   -10.563    -1.09    1.03
-257267.073   -10.542     0.06    0.93
-256891.797   -10.614    -0.19    0.91
-256516.512   -10.568     0.12    0.84
-256141.219   -10.657    -0.24    0.97
-255765.917   -10.673    -0.04    1.04
-255390.607   -10.742    -0.18    1.02
-255015.288   -10.682     0.16    1.23
-254639.961   -10.716    -0.09    1.18
-254264.625   -10.699     0.05    1.17
-253889.280   -10.383     0.84    1.27
-253513.927   -10.057     0.87    1.62
-253138.566   -10.015     0.11    1.26
-252763.196   -10.082    -0.18    1.30
-252387.817   -10.307    -0.60    1.28
-252012.430   -10.436    -0.34    1.02
-251637.035   -10.757    -0.86    1.37
-251261.630   -10.910    -0.41    1.33
-250886.218   -10.723     0.50    1.44
-250510.796   -10.632     0.24    1.38
-250135.366   -10.673    -0.11    1.21
-249759.928   -10.691    -0.05    1.06
-249384.481   -10.778    -0.23    1.03
-249009.026   -10.857    -0.21    1.20
-248633.561   -10.921    -0.17    1.29
-248258.089   -10.716     0.55    1.39
-247882.607   -10.563     0.41    1.51
-247507.118   -10.607    -0.12    1.57
-247131.619   -10.807    -0.53    1.60
-246756.112   -10.973    -0.44    1.80
-246380.597   -10.921     0.14    1.65
-246005.073   -10.457     1.24    2.19
-245629.540   -10.742    -0.76    2.11
-245253.998   -11.132    -1.04    1.85
-244878.449   -11.229    -0.26    1.58
-244502.890   -11.457    -0.61    1.24
-244127.323   -11.463    -0.01    1.18
-243751.747   -11.152     0.83    1.38
-243376.163   -10.504     1.73    2.12
-243000.570   -10.135     0.98    2.13
-242624.968   -10.255    -0.32    2.28
-242249.358   -10.057     0.53    2.40
-241873.740   -10.857    -2.13    2.03
-241498.112   -10.682     0.47    2.61
-241122.476   -10.520     0.43    2.66
-240746.832   -10.436     0.22    2.45
-240371.179   -10.357     0.21    1.51
-239995.517   -10.432    -0.20    1.14
-239619.846   -10.162     0.72    1.21
-239244.167    -9.588     1.53    2.23
-238868.480    -9.507     0.21    2.64
-238492.783    -9.331     0.47    3.25
-238117.078    -9.577    -0.65    3.55
-237741.365    -9.932    -0.95    3.35
-237365.643   -10.778    -2.25    2.93
-236989.912   -10.682     0.26    2.13
-236614.172   -10.594     0.23    2.17
-236238.424   -10.431     0.44    2.34
-235862.667    -9.768     1.76    2.67
-235486.902    -9.357     1.09    2.46
-235111.128    -9.101     0.68    2.49
-234735.345    -9.716    -1.64    1.98
-234359.554   -10.457    -1.97    1.45
-233983.754   -10.952    -1.32    1.12
-233607.945   -10.992    -0.11    1.04
-233232.127   -10.691     0.80    1.66
-232856.301   -10.463     0.61    1.97
-232480.467    -9.947     1.37    2.29
-232104.623    -9.621     0.87    2.25
-231728.771    -9.857    -0.63    2.24
-231352.910   -10.075    -0.58    1.86
-230977.041   -10.383    -0.82    1.39
-230601.163   -10.537    -0.41    1.17
-230225.276   -10.655    -0.31    0.97
-229849.381   -10.138     1.37    1.90
-229473.477    -9.332     2.14    2.53
-229097.564    -8.957     1.00    2.88
-228721.642    -8.947     0.03    2.95
-228345.712    -8.819     0.34    3.23
-227969.773    -8.907    -0.24    3.15
-227593.825    -9.042    -0.36    2.75
-227217.869    -9.632    -1.57    2.28
-226841.904    -9.673    -0.11    2.34
-226465.930    -9.016     1.75    3.07
-226089.948    -8.457     1.49    3.09
-225713.957    -8.635    -0.47    2.76
-225337.957    -9.331    -1.85    2.30
-224961.948    -9.507    -0.47    2.17
-224585.931    -9.973    -1.24    2.17
-224209.905   -10.232    -0.69    2.09
-223833.870   -10.204     0.08    2.15
-223457.827    -9.305     2.39    2.86
-223081.775    -8.438     2.30    3.05
-222705.714    -7.982     1.21    3.48
-222329.644    -8.504    -1.39    3.00
-221953.566    -9.229    -1.93    2.93
-221577.478   -10.232    -2.67    1.38
-221201.383   -10.199     0.09    1.20
-220825.278   -10.235    -0.10    1.29
-220449.165   -10.357    -0.32    1.15
-220073.043   -10.542    -0.49    1.14
-219696.912   -10.257     0.76    1.57
-219320.772    -9.742     1.37    1.98
-218944.624    -9.626     0.31    2.03
-218568.467    -9.486     0.37    2.03
-218192.301    -9.957    -1.25    1.69
-217816.126   -10.357    -1.06    1.36
-217439.943   -10.639    -0.75    1.12
-217063.751   -10.557     0.22    1.02
-216687.550   -10.438     0.32    1.04
-216311.340   -10.333     0.28    0.96
-215935.122   -10.409    -0.20    1.12
-215558.894   -10.588    -0.48    1.01
-215182.658   -10.691    -0.27    1.06
-214806.414   -10.305     1.03    1.58
-214430.160   -10.382    -0.21    1.46
-214053.898   -10.383    -0.00    1.40
-213677.627    -9.896     1.29    1.90
-213301.347   -10.075    -0.48    1.86
-212925.058   -10.114    -0.10    1.79
-212548.760   -10.113     0.00    1.74
-212172.454   -10.357    -0.65    1.40
-211796.139    -9.998     0.95    1.06
-211419.815    -9.807     0.51    1.22
-211043.482    -9.280     1.40    1.92
-210667.141    -8.682     1.59    2.34
-210290.790    -8.793    -0.29    2.51
-209914.431    -8.957    -0.44    2.48
-209538.063    -9.489    -1.41    2.29
-209161.687   -10.127    -1.69    1.58
-208785.301   -10.333    -0.55    1.70
-208408.907   -10.218     0.30    1.51
-208032.503   -10.050     0.45    1.58
-207656.091    -9.982     0.18    1.56
-207279.670    -9.732     0.66    1.46
-206903.241    -9.607     0.33    1.46
-206526.802    -9.691    -0.22    1.51
-206150.355    -9.805    -0.30    1.54
-205773.899    -9.989    -0.49    1.30
-205397.434   -10.157    -0.45    1.26
-205020.960   -10.333    -0.47    1.27
-204644.477   -10.204     0.34    1.31
-204267.985   -10.532    -0.87    1.26
-203891.485   -10.434     0.26    1.06
-203514.976   -10.232     0.54    0.97
-203138.458   -10.016     0.57    1.09
-202761.931    -9.742     0.73    1.11
-202385.395    -9.772    -0.08    1.12
-202008.850    -9.226     1.45    1.47
-201632.296    -8.943     0.75    1.99
-201255.734    -8.870     0.19    1.97
-200879.163    -8.588     0.75    2.13
-200502.583    -8.796    -0.55    1.96
-200125.993    -8.963    -0.44    1.84
-199749.396    -8.607     0.94    2.37
-199372.789    -8.278     0.87    2.66
-198996.173    -8.235     0.11    2.56
-198619.548    -7.907     0.87    2.68
-198242.915    -8.647    -1.96    2.29
-197866.273    -8.947    -0.80    2.05
-197489.621    -9.307    -0.96    2.14
-197112.961    -9.921    -1.63    1.05
-196736.292    -9.998    -0.20    1.11
-196359.614    -9.563     1.16    1.38
-195982.928    -8.699     2.29    1.86
-195606.232    -8.385     0.83    1.96
-195229.527    -8.557    -0.46    1.91
-194852.814    -8.943    -1.02    1.77
-194476.091    -9.511    -1.51    1.51
-194099.360    -9.832    -0.85    1.41
-193722.620    -9.752     0.21    1.42
-193345.871   -10.016    -0.70    1.04
-192969.113    -9.832     0.49    1.89
-192592.708    -9.357     1.26    2.16
-192217.714    -8.907     1.20    2.60
-191842.711    -8.486     1.12    2.45
-191467.700    -8.667    -0.48    2.50
-191092.679    -8.647     0.05    2.80
-190717.650    -8.639     0.02    2.71
-190342.612    -8.857    -0.58    2.61
-189967.565    -8.982    -0.33    2.87
-189592.510    -9.207    -0.60    2.97
-189217.445   -10.274    -2.84    2.61
-188842.372    -9.768     1.35    3.48
-188467.289   -10.199    -1.15    3.70
-188092.198    -9.998     0.54    3.72
-187717.098   -10.152    -0.41    3.48
-187341.989   -11.507    -3.61    2.84
-186966.872   -11.280     0.60    3.32
-186591.745   -10.594     1.83    3.82
-186216.609    -9.682     2.43    3.81
-185841.465    -7.674     5.35    3.57
-185466.312    -6.568     2.95    2.61
-185091.150    -5.357     3.23    2.69
-184715.979    -5.515    -0.42    2.31
-184340.799    -6.577    -2.83    2.64
-183965.610    -7.665    -2.90    2.67
-183590.413    -8.282    -1.65    2.19
-183215.206    -8.757    -1.27    1.57
-182839.991    -8.101     1.75    2.21
-182464.766    -7.260     2.24    2.54
-182089.533    -6.682     1.54    3.04
-181714.291    -6.357     0.86    2.79
-181339.040    -6.588    -0.61    2.60
-180963.780    -7.024    -1.16    2.75
-180588.511    -7.107    -0.22    2.57
-180213.233    -7.042     0.18    3.23
-179837.947    -6.024     2.71    3.10
-179462.651    -5.511     1.37    3.04
-179087.347    -5.489     0.06    2.99
-178712.033    -6.187    -1.86    2.50
-178336.711    -7.087    -2.40    2.26
-177961.380    -7.967    -2.34    2.05
-177586.039    -8.460    -1.31    1.74
-177210.690    -7.998     1.23    2.33
-176835.332    -6.707     3.44    3.73
-176459.965    -5.204     4.01    3.69
-176084.589    -4.262     2.51    3.25
-175709.204    -4.226     0.10    3.09
-175333.811    -5.332    -2.95    3.18
-174958.408    -5.673    -0.91    2.68
-174582.996    -5.187     1.30    2.98
-174207.576    -5.357    -0.45    3.17
-173832.146    -5.870    -1.37    4.12
-173456.708    -7.382    -4.03    4.24
-173081.260    -8.614    -3.28    2.85
-172705.804    -8.748    -0.36    1.80
-172330.338    -8.409     0.90    1.52
-171954.864    -8.050     0.96    1.85
-171579.380    -8.147    -0.26    1.95
-171203.888    -8.163    -0.04    1.83
-170828.387    -8.132     0.08    1.94
-170452.877    -7.768     0.97    2.29
-170077.357    -7.357     1.09    2.55
-169701.829    -7.229     0.34    2.46
-169326.292    -7.147     0.22    2.43
-168950.746    -7.431    -0.76    2.27
-168575.191    -7.716    -0.76    1.81
-168199.626    -7.588     0.34    1.97
-167824.053    -7.582     0.02    2.36
-167448.471    -7.563     0.05    2.31
-167072.880    -6.982     1.54    2.74
-166697.280    -7.542    -1.49    2.48
-166321.671    -8.457    -2.44    1.72
-165946.053    -8.594    -0.36    1.67
-165570.426    -9.187    -1.58    1.07
-165194.790    -8.732     1.21    1.90
-164819.144    -8.006     1.93    2.24
-164443.490    -7.357     1.73    2.28
-164067.827    -7.457    -0.27    2.07
-163692.155    -7.588    -0.35    2.02
-163316.474    -8.007    -1.12    1.86
-162940.784    -8.204    -0.52    1.39
-162565.084    -8.015     0.50    1.70
-162189.376    -8.033    -0.05    1.89
-161813.659    -8.132    -0.26    1.78
-161437.933    -8.455    -0.86    1.73
-161062.197    -8.845    -1.04    1.37
-160686.453    -8.857    -0.03    1.18
-160310.699    -8.963    -0.28    1.22
-159934.937    -8.870     0.25    1.36
-159559.165    -8.832     0.10    1.52
-159183.385    -8.665     0.45    1.67
-158807.595    -9.132    -1.24    1.25
-158431.797    -9.204    -0.19    1.25
-158055.989    -9.357    -0.41    1.10
-157680.172    -9.305     0.14    1.33
-157304.346    -9.050     0.68    1.54
-156928.512    -8.907     0.38    1.38
-156552.668    -8.732     0.47    1.41
-156176.815    -8.582     0.40    1.33
-155800.953    -8.746    -0.44    1.23
-155425.081    -8.947    -0.53    1.25
-155049.201    -9.042    -0.25    1.21
-154673.312    -8.831     0.56    1.27
-154297.414    -8.409     1.12    1.56
-153921.506    -7.857     1.47    2.02
-153545.590    -7.732     0.33    1.88
-153169.664    -7.742    -0.03    1.99
-152793.729    -7.768    -0.07    2.07
-152417.786    -7.626     0.38    2.05
-152041.833    -7.173     1.20    2.22
-151665.871    -6.260     2.43    2.25
-151289.900    -6.178     0.22    2.19
-150913.920    -6.532    -0.94    2.22
-150537.930    -6.832    -0.80    2.34
-150161.932    -7.639    -2.15    2.05
-149785.925    -8.095    -1.21    1.43
-149409.908    -8.410    -0.84    1.23
-149033.882    -8.557    -0.39    0.91
-148657.848    -8.173     1.02    1.18
-148281.804    -7.967     0.55    1.09
-147905.751    -7.832     0.36    1.09
-147529.689    -7.793     0.10    1.02
-147153.617    -7.632     0.43    1.04
-146777.537    -7.382     0.66    1.23
-146401.448    -7.479    -0.26    1.17
-146025.349    -7.432     0.12    1.21
-145649.241    -7.357     0.20    1.14
-145273.124    -7.147     0.56    1.23
-144896.998    -7.052     0.25    1.14
-144520.863    -6.857     0.52    1.13
-144144.719    -6.947    -0.24    1.19
-143768.565    -7.032    -0.23    1.10
-143392.403    -6.896     0.36    1.21
-143016.231    -6.709     0.50    1.49
-142640.050    -6.431     0.74    1.68
-142263.860    -6.075     0.94    2.06
-141887.661    -5.921     0.41    2.23
-141511.452    -5.657     0.70    2.92
-141135.235    -5.845    -0.50    3.07
-140759.008    -6.807    -2.56    3.05
-140382.772    -7.460    -1.73    2.79
-140006.527    -7.907    -1.19    1.32
-139630.273    -7.768     0.37    1.23
-139254.010    -7.742     0.07    1.04
-138877.737    -7.528     0.57    1.14
-138501.455    -7.682    -0.41    1.31
-138125.164    -7.434     0.66    1.31
-137748.864    -7.532    -0.26    1.13
-137372.555    -7.434     0.26    1.04
-136996.237    -7.182     0.67    1.24
-136619.909    -6.817     0.97    1.66
-136243.572    -6.252     1.50    1.77
-135867.226    -5.639     1.63    1.85
-135490.871    -4.768     2.32    2.44
-135114.506    -3.992     2.06    3.01
-134738.133    -2.782     3.21    3.43
-134361.750    -2.832    -0.13    3.11
-133985.358    -3.434    -1.60    2.66
-133608.956    -3.482    -0.13    2.33
-133232.546    -3.992    -1.35    2.12
-132856.126    -4.178    -0.50    2.44
-132479.697    -4.796    -1.64    2.24
-132103.259    -5.331    -1.42    1.78
-131726.812    -5.333    -0.01    1.85
-131350.355    -5.409    -0.20    1.59
-130973.889    -5.486    -0.20    1.88
-130597.414    -5.162     0.86    1.91
-130220.930    -4.673     1.30    2.33
-129844.437    -4.557     0.31    2.24
-129467.934    -4.778    -0.59    2.21
-129091.422    -4.845    -0.18    2.08
-128714.901    -5.284    -1.17    1.39
-128338.370    -5.331    -0.12    1.20
-127961.830    -4.614     1.90    1.93
-127585.281    -4.282     0.88    1.89
-127208.723    -4.434    -0.40    1.83
-126832.156    -4.307     0.34    1.75
-126455.579    -4.489    -0.48    1.36
-126078.993    -4.384     0.28    1.46
-125702.398    -4.024     0.96    1.39
-125325.793    -3.157     2.30    2.23
-124949.179    -2.406     1.99    2.27
-124572.556    -2.082     0.86    2.03
-124195.924    -2.582    -1.33    2.31
-123819.282    -3.542    -2.55    1.84
-123442.632    -4.095    -1.47    1.55
-123065.971    -4.691    -1.58    1.11
-122689.302    -4.511     0.48    1.25
-122312.623    -4.232     0.74    1.57
-121935.935    -3.152     2.87    3.00
-121559.238    -1.691     3.88    3.52
-121182.531     0.104     4.76    3.63
-120805.815     0.168     0.17    3.61
-120429.090    -1.691    -4.93    3.62
-120052.356    -2.998    -3.47    3.36
-119675.612    -4.406    -3.74    1.92
-119298.859    -4.952    -1.45    1.24
-118922.097    -4.819     0.35    1.31
-118545.325    -4.511     0.82    2.02
-118168.544    -4.101     1.09    1.85
-117791.753    -4.157    -0.15    1.59
-117415.745    -4.305    -0.39    1.41
-117040.789    -4.588    -0.76    1.04
-116665.824    -4.460     0.34    1.12
-116290.850    -4.306     0.41    1.28
-115915.866    -3.650     1.75    2.24
-115540.873    -2.805     2.25    2.67
-115165.871    -1.455     3.60    2.85
-114790.860    -1.050     1.08    2.65
-114415.839    -1.486    -1.16    2.78
-114040.809    -2.528    -2.78    2.21
-113665.770    -3.357    -2.21    1.56
-113290.722    -4.207    -2.27    1.17
-112915.664    -4.489    -0.75    1.23
-112540.597    -4.691    -0.54    1.36
-112165.521    -4.178     1.37    2.02
-111790.436    -3.807     0.99    2.10
-111415.341    -3.282     1.40    2.00
-111040.237    -2.434     2.26    2.07
-110665.124    -1.674     2.03    2.37
-110290.002    -0.871     2.14    2.64
-109914.870    -0.772     0.26    2.65
-109539.729    -0.793    -0.06    2.86
-109164.579    -1.101    -0.82    2.92
-108789.420    -2.057    -2.55    2.68
-108414.251    -2.845    -2.10    2.48
-108039.073    -3.332    -1.30    1.83
-107663.886    -3.357    -0.07    1.64
-107288.689    -2.870     1.30    1.82
-106913.483    -1.992     2.34    2.22
-106538.268    -1.857     0.36    2.19
-106163.043    -1.845     0.03    2.23
-105787.810    -1.947    -0.27    2.24
-105412.567    -1.857     0.24    1.93
-105037.314    -1.607     0.67    1.89
-104662.053    -1.563     0.12    2.38
-104286.782    -1.548     0.04    2.43
-103911.501    -1.252     0.79    2.62
-103536.212    -0.431     2.19    3.39
-103160.913    -0.819    -1.03    3.29
-102785.605    -1.406    -1.56    3.23
-102410.287    -1.896    -1.30    2.81
-102034.960    -2.409    -1.37    1.34
-101659.624    -2.107     0.80    1.26
-101284.279    -1.229     2.34    2.32
-100908.924    -0.748     1.28    2.38
-100533.560    -0.870    -0.33    2.42
-100158.186    -1.204    -0.89    2.25
 -99782.803    -1.280    -0.20    2.09
 -99407.411    -1.752    -1.26    2.10
 -99032.010    -1.382     0.98    1.85
 -98656.599    -1.332     0.13    2.03
 -98281.179    -0.921     1.09    2.45
 -97905.749    -1.040    -0.32    2.60
 -97530.310    -1.015     0.07    2.49
 -97154.862    -2.065    -2.79    2.58
 -96779.405    -2.819    -2.01    2.45
 -96403.938    -3.284    -1.24    2.16
 -96028.461    -3.716    -1.15    2.08
 -95652.976    -3.332     1.02    2.27
 -95277.481    -2.479     2.27    2.50
 -94901.976    -2.068     1.10    2.58
 -94526.462    -1.882     0.49    2.54
 -94150.939    -1.614     0.72    2.46
 -93775.407    -2.016    -1.07    2.01
 -93399.865    -2.138    -0.32    1.26
 -93024.314    -2.152    -0.04    1.22
 -92648.753    -1.460     1.84    2.41
 -92273.183    -0.857     1.60    2.79
 -91897.604    -0.768     0.24    2.12
 -91522.015     0.018     2.09    3.22
 -91146.417     0.301     0.75    3.06
 -90770.809     1.489     3.16    3.82
 -90395.192     1.670     0.48    3.74
 -90019.566     0.618    -2.80    3.05
 -89643.930     0.468    -0.40    3.23
 -89268.285     0.043    -1.13    2.73
 -88892.630    -0.178    -0.59    2.08
 -88516.966    -0.673    -1.32    2.13
 -88141.293    -0.976    -0.81    2.12
 -87765.610    -0.947     0.08    2.02
 -87389.918    -1.007    -0.16    2.05
 -87014.216    -0.907     0.27    1.41
 -86638.505    -0.306     1.60    1.82
 -86262.785    -0.357    -0.14    3.49
 -85887.055    -0.568    -0.56    4.65
 -85511.315    -0.482     0.23    4.92
 -85135.567    -0.947    -1.24    4.63
 -84759.808    -1.162    -0.57    4.34
 -84384.041    -0.757     1.08    3.26
 -84008.264    -0.790    -0.09    1.71
 -83632.477    -0.511     0.74    1.71
 -83256.681    -0.007     1.34    1.41
 -82880.876    -0.757    -2.00    1.28
 -82505.061    -1.257    -1.33    1.26
 -82129.237    -1.793    -1.43    1.33
 -81753.403    -1.542     0.67    1.74
 -81377.560    -1.087     1.21    2.01
 -81001.707    -0.532     1.48    2.10
 -80625.845     0.057     1.57    1.73
 -80249.973     0.193     0.36    1.38
 -79874.092     0.368     0.47    1.95
 -79498.202     0.406     0.10    2.02
 -79122.302     0.524     0.31    1.98
 -78746.392     0.943     1.11    2.11
 -78370.473     0.950     0.02    1.92
 -77994.545     0.718    -0.62    2.38
 -77618.607     1.155     1.16    2.23
 -77242.660     0.500    -1.74    2.46
 -76866.703    -0.050    -1.46    2.25
 -76490.737    -0.532    -1.28    2.17
 -76114.761    -0.614    -0.22    2.15
 -75738.775     0.591     3.21    2.97
 -75362.781     0.838     0.66    3.15
 -74986.776     1.532     1.85    3.15
 -74610.762     1.643     0.30    3.28
 -74234.739     0.976    -1.77    2.70
 -73858.706     1.335     0.95    2.85
 -73482.664     1.343     0.02    3.10
 -73106.612     0.771    -1.52    2.84
 -72730.551     0.463    -0.82    2.19
 -72354.480    -0.127    -1.57    1.95
 -71978.399    -0.460    -0.89    1.19
 -71602.309    -0.211     0.66    1.84
 -71226.210     0.335     1.45    2.27
 -70850.101     0.593     0.69    2.62
 -70473.983     1.284     1.84    2.70
 -70097.854     1.118    -0.44    2.44
 -69721.717     1.984     2.30    3.21
 -69345.570     3.437     3.86    3.91
 -68969.413     3.993     1.48    3.85
 -68593.247     3.722    -0.72    3.51
 -68217.071     2.547    -3.12    3.07
 -67840.886     1.976    -1.52    2.50
 -67464.691     1.993     0.04    2.57
 -67088.487     2.569     1.53    3.13
 -66712.273     2.591     0.06    3.12
 -66336.050     2.301    -0.77    2.77
 -65959.817     2.116    -0.49    2.13
 -65583.574     1.789    -0.87    1.49
 -65207.322     1.718    -0.19    1.40
 -64831.060     1.514    -0.54    1.51
 -64454.789     1.868     0.94    1.49
 -64078.508     2.064     0.52    1.45
 -63702.218     2.540     1.27    1.94
 -63325.918     3.301     2.02    2.17
 -62949.608     3.879     1.54    1.94
 -62573.289     4.566     1.82    1.90
 -62196.960     5.615     2.79    3.13
 -61820.622     8.493     7.65    5.89
 -61444.274    11.818     8.83    7.72
 -61067.916    14.618     7.44    8.43
 -60691.549    16.643     5.38    9.61
 -60315.173    16.379    -0.70    9.42
 -59938.786    13.833    -6.77    8.44
 -59562.390    10.540    -8.75    6.16
 -59185.985     8.368    -5.77    3.99
 -58809.570     8.343    -0.07    3.16
 -58433.145     8.771     1.14    3.15
 -58056.711     9.545     2.06    3.13
 -57680.267     9.668     0.33    2.80
 -57303.813    11.193     4.05    3.56
 -56927.350    13.514     6.17    3.87
 -56550.878    14.326     2.15    4.21
 -56174.395    14.018    -0.82    4.64
 -55797.903    12.169    -4.91    3.89
 -55421.401    11.243    -2.46    3.27
 -55044.890    11.368     0.33    3.15
 -54668.369    13.143     4.71    4.71
 -54291.839    16.218     8.17    5.94
 -53915.299    18.827     6.93    5.12
 -53538.749    21.458     6.99    4.77
 -53162.189    22.064     1.61    4.67
 -52785.620    22.993     2.47    4.55
 -52409.041    24.082     2.89    4.31
 -52032.453    25.693     4.28    4.35
 -51655.855    27.393     4.51    4.26
 -51279.247    29.514     5.63    3.30
 -50902.630    30.984     3.90    2.52
 -50526.003    31.252     0.71    2.47
 -50149.366    31.745     1.31    2.49
 -49772.720    32.418     1.79    2.40
 -49396.064    32.248    -0.45    2.47
 -49019.398    32.960     1.89    2.50
 -48642.723    34.093     3.01    3.36
 -48266.037    34.720     1.66    3.74
 -47889.343    35.447     1.93    3.68
 -47512.638    35.437    -0.03    3.74
 -47135.924    35.594     0.42    3.50
 -46759.200    36.207     1.63    3.92
 -46382.467    36.472     0.70    3.36
 -46005.724    37.566     2.90    3.79
 -45628.971    39.386     4.83    3.80
 -45252.208    41.118     4.60    4.01
 -44875.436    43.668     6.77    4.38
 -44498.654    45.447     4.72    4.52
 -44121.863    46.130     1.81    4.39
 -43745.061    47.591     3.88    5.60
 -43368.250    46.669    -2.45    5.88
 -42991.429    46.958     0.77    6.46
 -42614.599    48.568     4.27    6.45
 -42239.009    48.130    -1.17    6.02
 -41864.093    48.899     2.05    6.13
 -41489.167    48.768    -0.35    6.25
 -41114.231    47.170    -4.26    6.93
 -40739.285    49.033     4.97    6.39
 -40364.330    49.489     1.22    6.02
 -39989.366    48.437    -2.80    6.19
 -39614.391    49.412     2.60    5.67
 -39239.407    47.168    -5.98    6.59
 -38864.414    46.547    -1.65    7.46
 -38489.411    47.037     1.31    7.26
 -38114.398    46.718    -0.85    9.34
 -37739.375    49.053     6.23   10.51
 -37364.343    50.008     2.55   12.52
 -36989.302    49.043    -2.58   13.71
 -36614.250    46.155    -7.70   13.35
 -36239.189    43.268    -7.70   13.36
 -35864.118    41.068    -5.87   13.67
 -35489.038    41.618     1.47   12.40
 -35113.948    41.130    -1.30   11.01
 -34738.848    40.053    -2.87    8.20
 -34363.739    37.695    -6.29    7.55
 -33988.620    36.301    -3.72    7.06
 -33613.491    36.968     1.78    7.08
 -33238.353    38.018     2.80    7.96
 -32863.205    37.843    -0.47    8.48
 -32488.047    35.960    -5.02    8.57
 -32112.880    36.301     0.91    9.72
 -31737.703    40.521    11.25   10.79
 -31362.516    44.309    10.10    8.90
 -30987.320    45.496     3.16    8.39
 -30612.114    45.668     0.46    7.27
 -30236.898    44.868    -2.13    8.20
 -29861.672    46.762     5.05    8.98
 -29486.437    46.037    -1.93    9.42
 -29111.192    43.893    -5.72    9.49
 -28735.938    41.002    -7.70   10.03
 -28360.673    34.423   -17.53   11.16
 -27985.399    26.374   -21.45   10.61
 -27610.116    19.745   -17.66    5.67
 -27234.822    17.386    -6.29    4.21
 -26859.519    16.593    -2.11    3.75
 -26484.206    17.033     1.17    3.66
 -26108.884    17.002    -0.08    3.57
 -25733.551    16.130    -2.32    4.01
 -25358.209    14.591    -4.10    3.18
 -24982.858    14.537    -0.14    3.29
 -24607.496    15.518     2.61    3.68
 -24232.125    17.918     6.39    4.99
 -23856.744    19.193     3.40    4.87
 -23481.353    21.082     5.03    5.67
 -23105.953    23.643     6.82    8.73
 -22730.543    28.643    13.32   11.51
 -22355.123    33.361    12.57   13.52
 -21979.693    36.618     8.68   13.52
 -21604.254    40.437    10.17   14.19
 -21228.805    40.668     0.61   12.81
 -20853.346    43.106     6.49   12.01
 -20477.877    46.274     8.44   11.73
 -20102.399    48.493     5.91   12.55
 -19726.910    52.335    10.23   13.40
 -19351.412    53.960     4.33   15.36
 -18975.905    53.301    -1.75   16.38
 -18600.387    57.002     9.85   17.89
 -18224.860    56.950    -0.14   17.74
 -17849.323    58.368     3.77   17.63
 -17473.776    62.301    10.47   18.28
 -17098.219    61.258    -2.78   16.78
 -16722.653    60.437    -2.18   15.34
 -16347.077    56.695    -9.96   14.08
 -15971.491    52.432   -11.35   12.69
 -15595.895    50.318    -5.63   11.89
 -15220.290    45.443   -12.98   11.78
 -14844.674    39.168   -16.71   12.74
 -14469.049    31.489   -20.44   11.65
 -14093.414    25.801   -15.14    8.94
 -13717.770    21.935   -10.29    5.20
 -13342.115    21.361    -1.53    5.72
 -12966.451    20.887    -1.26    5.73
 -12590.777    22.068     3.14    5.66
 -12215.093    24.193     5.66    6.09
 -11839.399    25.809     4.30    6.26
 -11463.695    28.327     6.70    5.99
 -11087.982    30.993     7.10    5.80
 -10712.259    32.771     4.73    5.54
 -10336.526    33.667     2.39    5.68
  -9960.783    32.960    -1.88    5.88
  -9585.030    34.458     3.99    7.42
  -9209.267    34.293    -0.44    9.63
  -8833.495    33.468    -2.20   11.39
  -8457.713    33.643     0.47   12.77
  -8081.921    31.568    -5.52   13.68
  -7706.119    31.104    -1.23   13.93
  -7330.307    28.590    -6.69   14.04
  -6954.485    27.695    -2.38   14.75
  -6578.654    27.918     0.59   18.34
  -6202.813    27.082    -2.22   20.99
  -5826.962    28.843     4.69   24.79
  -5451.101    25.489    -8.92   25.19
  -5075.230    23.102    -6.35   23.15
  -4699.349    23.228     0.33   25.51
  -4323.458    18.848   -11.65   22.30
  -3947.558    14.668   -11.12   20.40
  -3571.647    11.093    -9.51   16.76
  -3195.727     7.694    -9.04   10.13
  -2819.797    10.166     6.58   14.91
  -2443.857     7.976    -5.83   11.24
  -2067.907     6.193    -4.74    7.65
  -1691.948     7.053     2.29   13.36
  -1315.978     3.848    -8.52    6.89
   -939.998     2.166    -4.47    4.83
   -564.009     1.116    -2.79    3.69
   -188.010     0.993    -0.33    2.69
    188.000     1.818     2.19    3.00
    564.019     2.643     2.19    3.26
    940.048     3.618     2.59    2.95
   1316.087     3.805     0.50    2.60
   1692.135     4.906     2.93    1.83
   2068.194     5.593     1.83    1.55
   2444.263     5.768     0.47    1.64
   2820.341     6.540     2.05    1.52
   3196.430     6.593     0.14    1.91
   3572.528     6.720     0.34    2.42
   3948.637     6.318    -1.07    2.77
   4324.755     6.318    -0.00    2.65
   4700.883     6.887     1.51    1.76
   5077.021     7.130     0.65    1.14
   5453.169     7.618     1.30    1.49
   5829.327     7.932     0.84    1.56
   6205.495     8.190     0.69    1.38
   6581.673     8.443     0.67    1.40
   6957.861     8.848     1.08    1.99
   7334.058     9.168     0.85    2.48
   7710.266    10.181     2.69    3.14
   8086.484    10.190     0.02    3.13
   8462.711     9.591    -1.59    2.80
   8838.949     9.143    -1.19    2.46
   9215.196     9.093    -0.13    3.46
   9591.454     8.335    -2.01    3.23
   9967.721     8.008    -0.87    3.25
  10343.999     7.170    -2.23    1.81
  10720.286     7.593     1.12    2.07
  11096.583     7.899     0.81    2.07
  11472.891     8.053     0.41    1.79
  11849.208     8.068     0.04    1.39
  12225.535     8.437     0.98    1.69
  12601.872     8.617     0.48    1.56
  12978.220     8.950     0.89    1.88
  13354.577     8.412    -1.43    2.98
  13730.944     7.887    -1.40    3.84
  14107.321     7.068    -2.18    4.52
  14483.709     6.293    -2.06    5.12
  14860.106     5.386    -2.41    5.29
  15236.513     3.693    -4.50    3.74
  15612.930     2.643    -2.79    0.00
  15989.357     2.848     0.54    0.92
  16365.795     3.228     1.01    1.60
  16742.242     3.722     1.31    1.94
  17118.699     3.905     0.49    1.94
  17495.166     3.848    -0.15    1.88
  17871.643     3.617    -0.61    1.77
  18248.131     3.130    -1.29    1.38
  18624.628     3.379     0.66    1.95
  19001.135     4.228     2.25    2.89
  19377.653     6.284     5.46    3.73
  19754.180     7.447     3.09    3.47
  20130.718     8.130     1.81    3.09
  20507.265     8.694     1.50    3.41
  20883.823    10.893     5.84    7.50
  21260.390    14.268     8.96    9.53
  21636.968    20.984    17.84   12.67
  22013.555    28.079    18.84   11.74
  22390.153    30.284     5.86   11.68
  22766.761    32.768     6.60   12.38
  23143.379    35.053     6.07   11.82
  23520.006    35.393     0.90   11.32
  23896.644    36.207     2.16   11.17
  24273.292    35.694    -1.36   10.62
  24649.950    34.868    -2.19   10.01
  25026.618    36.198     3.53   10.77
  25403.297    35.818    -1.01    9.46
  25779.985    37.053     3.28    9.26
  26156.683    37.693     1.70    7.70
  26533.391    39.518     4.84    6.69
  26910.110    41.284     4.69    7.08
  27286.839    44.666     8.98    7.19
  27663.577    47.258     6.88    7.43
  28040.326    50.468     8.52    7.68
  28417.085    53.393     7.76    7.87
  28793.854    56.540     8.35    7.25
  29170.633    58.571     5.39    7.19
  29547.422    59.143     1.52    6.50
  29924.221    63.018    10.28    7.34
  30301.030    67.925    13.02    8.10
  30677.850    70.106     5.79    7.11
  31054.679    71.893     4.74    6.26
  31431.519    70.353    -4.09    7.40
  31808.369    67.743    -6.93    8.12
  32185.228    66.218    -4.05    7.90
  32562.098    64.765    -3.86    8.17
  32937.236    66.168     3.74    9.06
  33312.108    67.899     4.62    9.22
  33686.989    69.143     3.32    8.57
  34061.880    69.183     0.11    8.50
  34436.781    67.718    -3.91    8.91
  34811.692    69.204     3.96    9.58
  35186.614    70.718     4.04    9.24
  35561.545    76.043    14.20    9.08
  35936.486    81.037    13.32    8.28
  36311.438    81.928     2.38    8.07
  36686.399    83.002     2.86    8.53
  37061.371    84.893     5.04    9.11
  37436.352    87.893     8.00    8.30
  37811.344    90.848     7.88    8.93
  38186.345    93.960     8.30    8.08
  38561.357    95.232     3.39    8.38
  38936.378    95.443     0.56    8.00
  39311.410    93.818    -4.33    8.04
  39686.452    93.326    -1.31    7.02
  40061.504    90.984    -6.24    6.64
  40436.566    89.248    -4.63    5.68
  40811.637    85.668    -9.55    7.55
  41186.719    81.743   -10.46    7.75
  41561.812    81.447    -0.79    7.36
  41936.914    80.418    -2.75    7.29
  42312.026    80.694     0.74    5.99
  42687.148    81.748     2.81    6.72
  43062.281    82.751     2.67    7.12
  43437.423    82.393    -0.95    7.12
  43812.575    81.043    -3.60    8.22
  44187.738    80.618    -1.13    7.30
  44562.911    79.976    -1.71    6.35
  44938.094    78.932    -2.78    7.31
  45313.286    79.047     0.31    7.35
  45688.489    78.848    -0.53    7.38
  46063.702    82.018     8.45    9.27
  46438.926    86.993    13.26   11.98
  46814.159    93.079    16.22   14.35
  47189.402    98.262    13.81   16.83
  47564.656   104.985    17.92   19.77
  47939.919   115.768    28.74   23.32
  48315.193   122.540    18.05   24.34
  48690.477   125.594     8.14   21.77
  49065.771   130.155    12.15   18.27
  49441.075   131.027     2.32   15.87
  49816.389   130.568    -1.22   13.59
  50191.713   127.543    -8.06   13.31
  50567.048   121.813   -15.26   14.71
  50942.392   116.618   -13.84   17.49
  51317.747   111.643   -13.25   18.52
  51693.112   105.432   -16.55   18.93
  52068.487   101.248   -11.15   19.49
  52443.872    94.968   -16.73   19.70
  52819.267    90.668   -11.45   22.41
  53194.673    90.518    -0.40   23.24
  53570.088    86.118   -11.72   16.63
  53945.514    81.372   -12.64    9.44
  54320.950    83.057     4.49    8.43
  54696.396    81.514    -4.11    7.63
  55071.852    81.027    -1.30   10.66
  55447.318    79.566    -3.89   11.75
  55822.795    75.943    -9.65   12.88
  56198.281    72.571    -8.98   14.80
  56573.778    72.274    -0.79   14.90
  56949.285    70.518    -4.68   16.22
  57324.802    69.617    -2.40   19.73
  57700.330    62.472   -19.03   22.39
  58075.867    56.119   -16.92   25.15
  58451.415    54.232    -5.02   25.37
  58826.973    48.743   -14.62   26.43
  59202.541    45.343    -9.05   28.15
  59578.119    40.350   -13.29   21.97
  59953.708    35.593   -12.67   12.01
  60329.307    34.899    -1.85    6.66
  60704.916    39.181    11.40    8.88
  61080.535    41.950     7.37    8.86
  61456.164    44.293     6.24   10.31
  61831.803    46.437     5.71   10.09
  62207.453    46.130    -0.82   10.72
  62583.113    49.813     9.81   10.27
  62958.783    56.309    17.29   11.16
  63334.464    62.543    16.59   14.30
  63710.154    69.155    17.60   13.94
  64085.855    75.368    16.54   14.25
  64461.566    78.118     7.32   12.55
  64837.287    79.745     4.33    9.14
  65213.019    78.785    -2.55    9.35
  65588.760    76.437    -6.25   11.44
  65964.512    75.594    -2.25   16.78
  66340.274    73.207    -6.35   16.15
  66716.047    69.668    -9.42   16.23
  67091.830    71.595     5.13   19.23
  67467.622    73.511     5.10   18.24
  67843.426    71.868    -4.37   13.81
  68219.239    71.768    -0.27   13.71
  68595.063    69.057    -7.21   12.01
  68970.897    68.130    -2.47   11.08
  69346.741    68.489     0.95   10.42
  69722.595    66.668    -4.84    9.50
  70098.460    63.318    -8.91    9.15
  70474.335    64.566     3.32    9.05
  70850.220    67.002     6.48    8.08
  71226.116    68.591     4.23    8.04
  71602.021    72.104     9.35    7.18
  71977.938    72.748     1.71    6.56
  72353.864    72.668    -0.21    6.96
  72729.800    70.668    -5.32    8.34
  73105.747    67.918    -7.32   10.16
  73481.705    64.668    -8.65   10.70
  73857.672    59.301   -14.28   11.28
  74233.650    55.204   -10.90   11.88
  74609.638    52.258    -7.83   12.44
  74985.636    50.893    -3.63   13.77
  75361.645    48.768    -5.65   14.86
  75737.664    45.418    -8.91   13.22
  76113.693    42.357    -8.14   12.85
  76489.733    38.669    -9.81   12.38
  76865.783    33.293   -14.30   10.77
  77241.843    30.437    -7.59    9.21
  77617.914    27.935    -6.65    5.68
  77993.994    27.166    -2.04    4.97
  78370.086    27.222     0.15    3.70
  78746.187    27.693     1.25    3.49
  79122.299    28.368     1.79    4.49
  79498.421    31.960     9.55    8.09
  79874.554    34.418     6.54    8.60
  80250.696    36.537     5.64    9.92
  80626.850    41.489    13.16   13.09
  81003.013    48.489    18.61   15.25
  81379.187    55.993    19.95   15.92
  81755.371    61.393    14.36   12.82
  82131.566    60.543    -2.26   13.34
  82507.771    57.463    -8.19   15.26
  82883.986    56.920    -1.44   14.41
  83260.211    55.743    -3.13   13.81
  83636.447    53.218    -6.71   12.65
  84012.694    53.068    -0.40   12.20
  84388.950    54.243     3.12   12.54
  84765.218    59.643    14.35   17.05
  85141.495    67.143    19.93   19.14
  85517.783    69.386     5.96   18.75
  85894.081    73.277    10.34   19.23
  86270.389    76.043     7.35   18.05
  86646.708    79.925    10.32   16.69
  87023.038    83.476     9.44   16.69
  87399.377    85.079     4.26   15.02
  87775.728    90.143    13.46   12.64
  88152.088    95.368    13.88   11.83
  88528.459    99.984    12.27   10.01
  88904.840   103.928    10.48    8.73
  89281.232   107.906    10.57    8.04
  89657.634   110.118     5.88    8.27
  90034.046   112.493     6.31    8.46
  90410.469   116.618    10.96    8.73
  90786.903   120.393    10.03    9.15
  91163.346   125.102    12.51    7.88
  91539.800   127.232     5.66    8.40
  91916.265   128.518     3.41    8.91
  92292.740   129.693     3.12    9.90
  92669.225   128.168    -4.05   12.09
  93045.721   128.968     2.12   12.20
  93422.227   128.771    -0.52   11.34
  93798.744   124.940   -10.18   10.36
  94175.271   114.893   -26.69   17.21
  94551.809    99.887   -39.86   23.17
  94928.357    87.118   -33.91   21.18
  95304.915    74.868   -32.53   16.66
  95681.484    71.458    -9.05   11.07
  96058.063    78.666    19.14   15.47
  96434.653    85.993    19.46   18.87
  96811.253    96.899    28.96   16.66
  97187.864   103.518    17.58   12.69
  97564.485   105.207     4.49   12.57
  97941.116   107.095     5.01   12.43
  98317.758   113.899    18.07   18.37
  98694.411   129.268    40.81   26.93
  99071.074   142.943    36.31   28.58
  99447.747   154.155    29.77   24.34
  99824.431   163.571    25.00   21.22
 100201.126   166.222     7.04   16.20
 100577.831   172.745    17.32   13.65
 100954.546   179.293    17.38    8.25
 101331.272   183.393    10.88   10.90
 101708.008   187.918    12.01   12.70
 102084.755   192.379    11.84   14.36
 102461.512   197.335    13.15   12.10
 102838.280   199.218     5.00   10.90
 103215.058   201.771     6.78   15.39
 103591.847   209.118    19.50   21.61
 103968.646   213.537    11.73   22.32
 104345.456   216.643     8.24   22.47
 104722.277   218.720     5.51   20.05
 105099.107   219.545     2.19   20.39
 105475.949   227.204    20.32   24.30
 105852.801   231.545    11.52   24.71
 106229.663   231.301    -0.65   25.32
 106606.536   228.335    -7.87   27.09
 106983.419   224.277   -10.77   29.50
 107360.313   219.813   -11.84   32.64
 107737.070   211.412   -22.30   36.22
 108111.894   206.993   -11.79   37.00
 108486.728   196.011   -29.30   32.93
 108861.572   190.214   -15.47   26.77
 109236.427   188.568    -4.39   21.08
 109611.292   184.568   -10.67   14.90
 109986.167   187.524     7.89   15.60
 110361.053   188.617     2.92   15.11
 110735.950   191.228     6.97   14.94
 111110.856   200.432    24.55   21.30
 111485.774   203.918     9.30   23.24
 111860.701   213.268    24.94   31.05
 112235.640   217.218    10.54   30.16
 112610.588   216.668    -1.47   24.69
 112985.547   219.432     7.37   19.94
 113360.517   230.274    28.92   26.01
 113735.497   248.593    48.86   35.26
 114110.487   265.718    45.67   37.09
 114485.488   281.838    42.99   36.73
 114860.499   295.593    36.68   31.56
 115235.521   301.868    16.73   29.42
 115610.553   303.774     5.08   26.88
 115985.596   304.447     1.80   30.91
 116360.649   304.252    -0.52   28.53
 116735.712   303.593    -1.76   26.06
 117110.786   301.668    -5.13   24.09
 117485.871   300.899    -2.05   23.01
 117860.966   298.294    -6.95   25.25
 118236.071   305.694    19.73   28.48
 118611.187   316.868    29.79   27.69
 118986.314   329.768    34.39   34.09
 119361.451   344.027    38.01   38.84
 119736.598   358.619    38.90   49.66
 120111.756   367.248    23.00   57.67
 120486.925   392.443    67.16   66.72
 120862.104   421.343    77.04   64.76
 121237.293   437.545    43.19   64.13
 121612.493   453.243    41.84   60.31
 121987.703   448.037   -13.87   62.12
 122362.924   449.412     3.66   55.56
 122738.156   451.493     5.55   48.72
 123113.398   453.393     5.06   49.61
 123488.650   455.443     5.46   47.98
 123863.913   451.543   -10.39   51.29
 124239.187   447.591   -10.53   47.45
 124614.471   434.837   -33.99   39.93
 124989.766   427.193   -20.37   35.31
 125365.071   418.418   -23.38   30.58
 125740.386   407.918   -27.98   29.25
 126115.713   398.943   -23.91   28.72
 126491.049   389.027   -26.42   29.71
 126866.397   384.047   -13.27   29.05
 127241.754   378.796   -13.99   30.41
 127617.123   373.179   -14.97   31.64
 127992.502   366.540   -17.69   29.99
 128367.891   364.018    -6.72   32.78
 128743.291   362.928    -2.90   35.35
 129118.702   367.827    13.05   38.83
 129494.123   368.368     1.44   44.20
 129869.555   365.568    -7.46   48.63
 130244.997   352.569   -34.62   46.66
 130620.450   333.130   -51.78   44.21
 130995.913   324.104   -24.04   31.46
 131371.387   318.284   -15.50   25.86
 131746.872   313.343   -13.16   22.10
 132122.367   309.862    -9.27   21.11
 132497.873   301.925   -21.14   19.11
 132873.389   299.643    -6.08   16.09
 133248.916   297.843    -4.79   15.56
 133624.453   296.195    -4.39   16.31
 134000.001   294.993    -3.20   14.65
 134375.560   286.243   -23.30   16.48
 134751.129   279.368   -18.31   17.64
 135126.709   277.618    -4.66   17.08
 135502.300   273.458   -11.08   18.83
 135877.901   273.984     1.40   20.91
 136253.512   270.463    -9.37   17.59
 136629.135   268.405    -5.48   14.66
 137004.767   266.518    -5.02   13.30
 137380.411   261.393   -13.64   14.40
 137756.065   259.143    -5.99   12.80
 138131.730   256.116    -8.06   10.67
 138507.405   253.008    -8.27   10.98
 138883.091   250.643    -6.30   10.66
 139258.788   246.569   -10.84    8.97
 139634.495   244.594    -5.26    9.38
 140010.213   244.207    -1.03   10.19
 140385.942   243.277    -2.48   10.09
 140761.681   242.862    -1.10   11.06
 141137.431   246.301     9.15   13.36
 141513.191   251.568    14.02   14.59
 141888.962   257.002    14.46   14.68
 142264.744   259.593     6.90   12.69
 142640.536   263.258     9.75   11.93
 143016.340   268.618    14.26   12.42
 143392.153   276.193    20.16   13.11
 143767.978   283.043    18.23   11.90
 144143.813   287.082    10.75    9.93
 144519.659   287.002    -0.21   12.23
 144895.515   284.268    -7.27   10.61
 145271.382   279.925   -11.56    7.97
 145647.260   276.543    -9.00    8.10
 146023.148   272.594   -10.51    8.00
 146399.047   267.822   -12.70    6.87
 146774.957   262.399   -14.43    8.44
 147150.878   257.566   -12.86    9.04
 147526.809   254.596    -7.90    8.33
 147902.751   251.318    -8.72    7.77
 148278.703   248.720    -6.91    8.24
 148654.667   247.166    -4.13    7.56
 149030.640   246.985    -0.48    8.20
 149406.625   246.024    -2.56    8.29
 149782.621   244.027    -5.31    7.16
 150158.627   243.326    -1.87    7.86
 150534.643   240.368    -7.87    7.98
 150910.671   236.027   -11.54    7.78
 151286.709   233.057    -7.90    8.66
 151662.758   229.540    -9.35    8.35
 152038.818   226.179    -8.94    9.21
 152414.888   223.643    -6.75    8.50
 152790.969   220.284    -8.93    8.22
 153167.061   217.868    -6.42    7.32
 153543.164   215.568    -6.12    6.83
 153919.277   213.293    -6.05    7.08
 154295.401   211.104    -5.82    7.28
 154671.536   210.243    -2.29    8.34
 155047.681   214.911    12.41   12.72
 155423.838   219.343    11.78   13.51
 155800.005   223.143    10.10   11.71
 156176.182   223.745     1.60   11.50
 156552.371   219.838   -10.39   11.79
 156928.570   214.960   -12.97    9.47
 157304.780   211.258    -9.84    9.89
 157681.001   207.447   -10.13    9.01
 158057.233   203.774    -9.76    8.91
 158433.475   202.596    -3.13    9.61
 158809.728   202.568    -0.08   10.10
 159185.992   204.591     5.38    8.19
 159562.267   202.619    -5.24    7.79
 159938.552   201.458    -3.08    7.06
 160314.848   197.881    -9.51    7.72
 160691.155   192.771   -13.58    8.21
 161067.473   186.594   -16.42    9.09
 161443.802   182.268   -11.50    7.54
 161820.141   177.437   -12.84    7.27
 162196.491   174.423    -8.01    7.61
 162572.852   170.774    -9.70    7.97
 162949.224   167.887    -7.67    7.56
 163325.606   164.918    -7.89    7.43
 163702.000   162.079    -7.54    7.67
 164078.404   159.993    -5.54    7.62
 164454.819   156.771    -8.56    7.33
 164831.245   152.743   -10.70    8.98
 165207.681   146.743   -15.94   11.18
 165584.129   141.848   -13.00   10.49
 165960.587   137.252   -12.21    9.85
 166337.056   133.643    -9.59    9.03
 166713.536   130.093    -9.43    7.18
 167090.027   127.168    -7.77    5.53
 167466.528   124.935    -5.93    3.54
 167843.041   123.838    -2.92    3.46
 168219.564   124.232     1.05    5.24
 168596.098   130.204    15.86   10.61
 168972.643   135.566    14.24   11.36
 169349.199   142.838    19.31   11.46
 169725.765   149.616    18.00   10.15
 170102.343   152.428     7.47   10.75
