-153844.786   142.344     0.00    6.93
-153468.834   141.110    -3.28    6.93
-153092.896   137.869    -8.62    4.98
-152716.973   135.202    -7.09    4.67
-152341.063   132.875    -6.19    4.48
-151965.168   129.440    -9.14    3.98
-151589.287   127.200    -5.96    3.36
-151213.420   125.396    -4.80    2.71
-150837.567   124.083    -3.49    1.95
-150461.728   123.591    -1.31    2.13
-150085.903   123.567    -0.06    2.51
-149710.092   123.512    -0.15    3.20
-149334.295   124.006     1.32    3.77
-148958.513   124.798     2.11    4.83
-148582.744   124.821     0.06    4.47
-148206.989   124.774    -0.13    4.21
-147831.249   124.645    -0.34    3.84
-147455.523   124.689     0.12    3.69
-147079.810   124.775     0.23    4.49
-146704.112   125.665     2.37    5.03
-146328.428   127.041     3.66    6.22
-145952.757   127.750     1.89    6.13
-145577.101   129.798     5.45    6.44
-145201.459   132.917     8.30    8.54
-144825.831   136.964    10.78    9.60
-144450.217   139.226     6.02    9.57
-144074.617   139.512     0.76    9.46
-143699.031   137.787    -4.59   10.21
-143323.459   135.083    -7.20    9.32
-142947.901   131.470    -9.62    7.21
-142572.357   129.100    -6.31    6.12
-142196.827   128.060    -2.77    4.42
-141821.311   127.550    -1.36    3.82
-141445.809   128.893     3.58    4.57
-141070.321   129.702     2.16    3.91
-140694.847   129.964     0.70    4.59
-140319.387   129.274    -1.84    5.59
-139943.941   127.814    -3.89    5.68
-139568.509   127.136    -1.81    6.12
-139193.091   127.250     0.30    5.76
-138817.687   126.227    -2.73    4.10
-138442.297   125.787    -1.17    3.10
-138066.921   125.276    -1.36    3.35
-137691.559   124.568    -1.89    3.28
-137316.211   123.378    -3.17    3.68
-136940.877   122.640    -1.97    3.54
-136565.557   121.750    -2.37    2.97
-136190.251   121.430    -0.85    3.02
-135814.958   121.568     0.37    3.16
-135439.680   121.697     0.34    3.01
-135064.416   121.860     0.43    2.53
-134689.165   122.083     0.60    2.55
-134313.929   122.957     2.33    2.93
-133938.706   123.500     1.45    2.86
-133563.497   123.814     0.84    2.79
-133188.303   123.869     0.15    2.54
-132813.122   123.273    -1.59    1.99
-132437.955   122.774    -1.33    1.52
-132062.802   122.512    -0.70    2.22
-131687.663   122.100    -1.10    2.33
-131312.538   121.713    -1.03    2.29
-130937.427   122.125     1.10    2.48
-130562.329   123.665     4.11    3.12
-130187.246   124.640     2.60    3.13
-129812.176   125.631     2.64    3.09
-129437.121   127.323     4.51    2.76
-129062.079   128.506     3.15    2.66
-128687.051   130.083     4.21    3.54
-128312.037   132.775     7.18    4.14
-127937.037   136.982    11.22    7.65
-127562.051   143.774    18.11   12.21
-127187.079   154.679    29.08   22.21
-126812.120   159.726    13.46   21.61
-126437.176   161.250     4.06   17.27
-126062.245   167.925    17.81   23.34
-125687.328   173.669    15.32   28.03
-125312.425   181.893    21.94   29.45
-124937.536   186.226    11.56   24.58
-124562.661   192.177    15.88   30.09
-124187.799   208.567    43.73   44.32
-123812.952   224.125    41.51   48.55
-123438.118   223.041    -2.89   43.48
-123063.298   215.300   -20.65   29.39
-122688.492   209.655   -15.06   20.94
-122313.700   210.560     2.41   17.44
-121938.921   219.675    24.32   18.60
-121564.157   237.692    48.08   31.77
-121189.406   268.737    82.85   48.83
-120814.669   315.364   124.44   66.46
-120439.946   385.679   187.66   85.67
-120065.236   436.274   135.04   83.76
-119690.541   476.012   106.06   75.91
-119315.859   512.071    96.25   82.73
-118941.191   500.795   -30.10   89.13
-118566.537   465.096   -95.29   76.83
-118191.897   451.821   -35.44   67.16
-117817.270   448.640    -8.49   72.61
-117442.657   463.800    40.47   87.99
-117068.058   467.250     9.21   92.33
-116693.473   449.987   -46.09   94.02
-116318.902   424.470   -68.13   75.70
-115944.344   418.274   -16.54   64.42
-115569.800   435.909    47.09   68.98
-115195.270   456.345    54.57   62.64
-114820.754   442.850   -36.04   57.11
-114446.251   412.655   -80.63   64.71
-114071.763   367.811  -119.76   54.39
-113697.287   336.204   -84.41   40.74
-113322.826   319.226   -45.34   27.77
-112948.379   322.179     7.89   28.24
-112573.945   338.774    44.32   44.55
-112199.525   374.845    96.35   67.78
-111825.118   412.152    99.65   76.55
-111450.726   457.348   120.73   78.29
-111076.347   507.957   135.19   80.36
-110701.982   550.464   113.55   92.67
-110327.630   601.787   137.11   91.69
-109953.293   681.679   213.44  111.85
-109578.969   744.616   168.15  102.66
-109204.658   800.179   148.45   86.31
-108828.571   844.635   118.22   77.37
-108451.522   866.774    58.72   94.85
-108074.487   908.787   111.44  107.94
-107697.466   934.845    69.12  102.13
-107320.459   942.179    19.45  107.67
-106943.466   926.917   -40.49  126.48
-106566.486   901.386   -67.73  139.19
-106189.521   914.177    33.93  139.52
-105812.569   943.940    78.97  130.12
-105435.631   968.323    64.69  113.52
-105058.708   979.303    29.13  118.38
-104681.798   963.909   -40.84  132.30
-104304.902   956.675   -19.20  120.55
-103928.020   964.396    20.49  124.60
-103551.151   995.811    83.36  122.32
-103174.297  1020.096    64.45  113.64
-102797.456  1036.455    43.41   91.43
-102420.630  1047.506    29.33   59.20
-102043.817  1055.679    21.69   37.70
-101667.018  1051.180   -11.94   43.15
-101290.233  1048.125    -8.11   39.95
-100913.462  1047.773    -0.94   37.88
-100536.705  1047.122    -1.73   39.13
-100159.961  1046.964    -0.42   45.04
 -99783.232  1061.345    38.18   49.64
 -99406.516  1078.325    45.08   43.58
 -99029.814  1081.886     9.45   50.22
 -98653.126  1073.539   -22.16   72.38
 -98276.451  1045.750   -73.78   89.80
 -97899.791  1019.924   -68.57  103.02
 -97523.144  1019.417    -1.35   93.80
 -97146.511  1032.483    34.69   84.08
 -96769.892  1050.430    47.66   66.04
 -96393.287  1046.250   -11.10   60.51
 -96016.696  1016.321   -79.48   63.98
 -95640.118   973.250  -114.38   63.38
 -95263.555   935.298  -100.79   52.65
 -94887.005   912.800   -59.75   65.59
 -94510.468   889.893   -60.84   82.84
 -94133.946   859.125   -81.72  103.77
 -93757.438   848.372   -28.56  107.51
 -93380.943   844.536   -10.19  111.00
 -93004.462   840.055   -11.90   84.18
 -92627.995   830.201   -26.18   73.35
 -92251.541   806.325   -63.43   78.65
 -91875.101   760.299  -122.28   92.40
 -91498.676   716.850  -115.43   92.93
 -91122.263   683.369   -88.95   92.52
 -90745.865   623.470  -159.15   81.01
 -90369.480   578.459  -119.59   66.31
 -89993.110   554.299   -64.20   44.54
 -89616.752   562.825    22.66   53.83
 -89240.409   615.006   138.66   88.25
 -88864.080   671.298   149.59   78.98
 -88487.764   699.369    74.60   56.83
 -88111.462   696.440    -7.78   55.55
 -87735.173   653.150  -115.05   60.11
 -87358.899   630.616   -59.89   47.98
 -86982.638   621.798   -23.44   43.83
 -86606.391   617.179   -12.28   53.60
 -86230.157   612.543   -12.32   59.41
 -85853.937   593.393   -50.90   81.51
 -85477.731   545.079  -128.43  112.85
 -85101.539   481.475  -169.08  102.43
 -84725.360   455.917   -67.95   83.45
 -84349.196   461.591    15.09   79.85
 -83973.044   507.104   121.00   99.79
 -83596.907   564.800   153.40   91.40
 -83220.783   593.829    77.18   84.74
 -82844.673   602.436    22.89  102.85
 -82468.577   578.375   -63.98   97.31
 -82092.494   581.104     7.26   95.60
 -81716.425   605.884    65.90  101.42
 -81340.370   627.378    57.16  109.42
 -80964.328   661.068    89.60  111.29
 -80588.300   700.147   103.93  109.46
 -80212.286   729.440    77.91  124.38
 -79836.285   772.631   114.88  115.27
 -79460.298   785.125    33.23  116.25
 -79084.325   810.500    67.50  135.82
 -78708.365   827.250    44.56  147.39
 -78332.419   826.110    -3.03  137.05
 -77956.487   804.201   -58.28  135.77
 -77580.568   745.917  -155.05  140.96
 -77204.663   711.464   -91.66  115.71
 -76828.772   723.276    31.42  125.64
 -76452.894   759.841    97.29  138.82
 -76077.030   782.250    59.62  140.64
 -75701.179   730.702  -137.16  161.07
 -75325.342   706.543   -64.29  138.41
 -74949.519   692.500   -37.37  128.71
 -74573.709   686.297   -16.51  131.94
 -74197.913   712.908    70.82  130.10
 -73822.131   696.494   -43.68  106.88
 -73446.362   683.933   -33.43  103.41
 -73070.607   644.909  -103.86  117.32
 -72694.865   568.631  -203.02  119.79
 -72319.137   523.175  -120.99  109.23
 -71943.423   469.835  -141.98  108.12
 -71567.722   455.640   -37.79  106.10
 -71192.035   496.774   109.49  118.32
 -70816.361   545.689   130.21  105.77
 -70440.701   561.631    42.44   88.44
 -70065.055   530.909   -81.79  115.32
 -69689.422   437.200  -249.48  110.58
 -69313.802   340.031  -258.71  106.39
 -68938.197   260.064  -212.91   79.12
 -68562.605   222.372  -100.36   55.71
 -68187.026   229.821    19.84   73.13
 -67811.461   264.250    91.68   93.72
 -67435.909   319.950   148.32  112.37
 -67060.372   384.835   172.79  113.38
 -66684.847   417.201    86.19  108.89
 -66309.336   480.152   167.65  110.28
 -65933.839   535.470   147.32  110.15
 -65558.355   589.665   144.34   98.36
 -65182.885   610.575    55.69  100.86
 -64807.428   583.012   -73.42  109.74
 -64431.985   537.660  -120.80  111.02
 -64056.556   482.869  -145.95  111.25
 -63681.140   450.464   -86.32   92.50
 -63305.737   457.518    18.79  100.46
 -62930.348   471.202    36.45  103.38
 -62554.972   494.840    62.97   99.78
 -62179.610   490.705   -11.02  101.72
 -61804.262   492.940     5.96   91.44
 -61428.927   491.345    -4.25   77.96
 -61053.605   502.726    30.32   71.41
 -60678.297   506.987    11.35   66.61
 -60303.003   491.341   -41.69   70.05
 -59927.722   459.994   -83.53   89.92
 -59552.454   391.134  -183.50  113.02
 -59177.200   311.726  -211.62  106.18
 -58801.960   244.994  -177.85   81.03
 -58426.733   224.409   -54.86   49.93
 -58051.519   236.092    31.14   54.38
 -57676.319   266.725    81.65   65.06
 -57301.132   313.762   125.38   62.11
 -56925.959   337.396    63.00   37.74
 -56550.799   339.155     4.69   29.54
 -56175.653   329.019   -27.02   31.96
 -55800.520   315.274   -36.64   24.94
 -55425.401   312.179    -8.25   25.97
 -55050.295   326.787    38.95   29.90
 -54675.203   331.201    11.77   39.46
 -54300.124   321.869   -24.88   55.10
 -53925.058   298.425   -62.51   71.31
 -53550.006   277.125   -56.79   77.47
 -53174.967   270.713   -17.10   82.97
 -52799.942   263.869   -18.25   84.88
 -52424.930   262.655    -3.24   82.12
 -52049.932   256.821   -15.56   80.20
 -51674.947   259.417     6.92   82.45
 -51299.975   278.128    49.90   87.76
 -50925.017   309.775    84.40   96.01
 -50550.072   308.909    -2.31   86.78
 -50175.141   282.982   -69.15   82.20
 -49800.223   265.567   -46.45   70.06
 -49425.318   263.726    -4.91   68.59
 -49050.427   278.591    39.65   84.16
 -48675.549   284.631    16.11   82.64
 -48300.685   278.865   -15.38   82.10
 -47925.834   296.179    46.19   92.83
 -47550.996   346.762   134.95   99.97
 -47176.172   384.343   100.27   86.50
 -46801.361   369.988   -38.30   89.05
 -46426.564   328.882  -109.68   87.84
 -46051.780   290.841  -101.50   78.77
 -45677.009   267.900   -61.22   53.83
 -45302.251   270.762     7.64   56.54
 -44927.507   307.107    96.99   82.68
 -44552.777   334.122    72.09   81.40
 -44178.059   339.659    14.78   85.72
 -43803.356   347.019    19.64   79.34
 -43428.665   334.006   -34.73   74.97
 -43053.988   339.583    14.89   80.61
 -42679.324   334.250   -14.24   82.81
 -42304.673   336.614     6.31  100.58
 -41930.036   362.327    68.64   94.83
 -41555.412   399.321    98.75   93.95
 -41180.802   412.988    36.48   87.77
 -40806.204   418.957    15.94   73.01
 -40431.620   403.982   -39.98   72.45
 -40057.050   368.200   -95.53   59.52
 -39682.492   359.650   -22.83   59.64
 -39307.948   367.300    20.43   72.17
 -38933.418   414.689   126.53   81.71
 -38558.900   439.012    64.95   66.93
 -38184.396   417.369   -57.79   80.16
 -37809.906   417.107    -0.70   78.70
 -37435.428   409.917   -19.20   79.94
 -37060.964   445.512    95.06   81.45
 -36686.513   487.128   111.14   66.54
 -36312.076   489.006     5.02   80.55
 -35937.651   491.025     5.39   88.83
 -35563.240   475.811   -40.64   77.44
 -35188.842   444.560   -83.47   77.44
 -34814.458   410.321   -91.45   86.01
 -34440.087   401.083   -24.68   74.58
 -34065.729   415.994    39.83   77.65
 -33689.180   462.727   124.11   78.18
 -33312.173   497.031    90.99   60.24
 -32935.179   493.821    -8.51   86.18
 -32558.199   444.583  -130.62  117.48
 -32181.233   373.697  -188.05  110.84
 -31804.280   342.455   -82.88   87.32
 -31427.340   361.300    50.00   83.52
 -31050.414   400.884   105.02   90.54
 -30673.501   413.372    33.13   81.31
 -30296.602   385.199   -74.75  100.16
 -29919.716   334.568  -134.34   91.64
 -29542.844   305.840   -76.23   57.61
 -29165.985   326.396    54.55   72.67
 -28789.139   392.583   175.64   86.78
 -28412.307   441.353   129.42   79.77
 -28035.488   463.318    58.29   65.00
 -27658.683   463.635     0.84   74.22
 -27281.891   454.299   -24.78   82.01
 -26905.112   427.860   -70.17   86.96
 -26528.347   441.375    35.87   82.56
 -26151.596   454.409    34.60   71.49
 -25774.857   443.618   -28.64   70.85
 -25398.132   420.250   -62.03   76.28
 -25021.421   414.083   -16.37   93.18
 -24644.723   427.470    35.54   93.35
 -24268.038   443.488    42.53   89.01
 -23891.367   467.147    62.81   82.62
 -23514.709   455.860   -29.97   95.11
 -23138.064   430.179   -68.19   99.71
 -22761.433   418.323   -31.48   91.36
 -22384.815   382.250   -95.78   73.22
 -22008.210   348.075   -90.75   83.34
 -21631.619   304.650  -115.31   87.57
 -21255.041   254.199  -133.98   89.36
 -20878.477   243.631   -28.06   96.38
 -20501.926   228.787   -39.42  104.28
 -20125.388   228.774    -0.03   98.03
 -19748.864   236.811    21.35   83.24
 -19372.353   221.025   -41.93   70.89
 -18995.855   204.055   -45.07   69.03
 -18619.371   175.250   -76.51   60.98
 -18242.899   151.957   -61.87   50.54
 -17866.442   124.488   -72.97   58.72
 -17489.997    89.031   -94.19   55.35
 -17113.566    53.712   -93.83   40.10
 -16737.149    31.440   -59.17   25.85
 -16360.744    17.250   -37.70   11.28
 -15984.353    12.177   -13.48    7.73
 -15607.975    10.000    -5.78    2.97
 -15231.611     9.177    -2.19    2.86
 -14855.259     8.450    -1.93    2.85
 -14478.922     8.036    -1.10    2.79
 -14102.597     8.470     1.15    2.84
 -13726.286     8.518     0.13    2.72
 -13349.988     7.982    -1.43    2.72
 -12973.703     7.788    -0.51    2.67
 -12597.431     6.893    -2.38    2.39
 -12221.173     6.532    -0.96    2.06
 -11844.928     6.583     0.14    2.04
 -11468.697     6.821     0.63    1.95
 -11092.478     6.725    -0.26    1.75
 -10716.273     6.576    -0.40    2.10
 -10340.081     5.645    -2.47    2.48
  -9963.903     4.878    -2.04    3.04
  -9587.738     4.104    -2.06    3.34
  -9211.586     3.665    -1.17    3.63
  -8835.447     2.971    -1.84    3.61
  -8459.321     2.461    -1.36    3.47
  -8083.209     2.227    -0.62    3.44
  -7707.110     1.800    -1.13    3.30
  -7331.024     1.155    -1.72    2.98
  -6954.951     1.201     0.12    2.83
  -6578.892     1.327     0.33    2.46
  -6202.846     2.036     1.88    2.85
  -5826.813     3.275     3.30    3.08
  -5450.793     4.470     3.18    3.00
  -5074.787     5.543     2.85    2.54
  -4698.794     5.025    -1.38    2.82
  -4322.814     4.348    -1.80    3.03
  -3946.847     3.650    -1.86    3.09
  -3570.893     4.104     1.21    3.08
  -3194.953     4.050    -0.14    2.81
  -2819.025     3.445    -1.61    2.57
  -2443.111     3.323    -0.32    2.56
  -2067.211     3.298    -0.07    2.38
  -1691.323     3.575     0.74    2.63
  -1315.448     4.000     1.13    2.40
   -939.587     3.679    -0.86    2.45
   -563.739     2.440    -3.29    2.89
   -187.904     1.083    -3.61    2.86
    187.918     0.274    -2.15    2.72
    563.726    -0.600    -2.33    2.36
    939.522    -1.250    -1.73    1.74
   1315.304    -1.575    -0.86    1.58
   1691.073    -1.628    -0.14    1.87
   2066.829    -2.043    -1.10    1.69
   2442.572    -1.702     0.91    2.32
   2818.301    -1.238     1.24    2.96
   3194.018    -0.365     2.32    3.33
   3569.721     0.560     2.46    3.49
   3945.411     1.250     1.84    3.41
   4321.088     1.536     0.76    3.33
   4696.752     2.226     1.84    3.29
   5072.403     3.461     3.29    5.09
   5448.041     4.932     3.92    8.34
   5823.665     6.199     3.37   10.18
   6199.277     6.250     0.14    9.51
   6574.875     4.567    -4.48    4.48
   6950.460     5.224     1.75    6.47
   7326.032     5.250     0.07    6.41
   7701.591     4.891    -0.96    5.96
   8077.137     4.323    -1.51    4.49
   8452.670     3.982    -0.91    3.78
   8828.189     3.350    -1.68    3.41
   9203.696     3.045    -0.81    2.71
   9579.189     2.408    -1.70    1.85
   9954.670     2.131    -0.74    1.84
  10330.137     2.274     0.38    2.21
  10705.591     2.006    -0.71    1.95
  11081.032     2.006     0.00    2.06
  11456.460     1.506    -1.33    2.07
  11831.875     1.321    -0.49    1.96
  12207.277     1.421     0.26    1.82
  12582.666     1.964     1.45    2.05
  12958.042     3.421     3.88    2.18
  13333.404     4.050     1.68    2.40
  13708.754     4.925     2.33    2.54
  14084.091     5.850     2.46    2.46
  14459.414     6.665     2.17    2.79
  14834.725     6.940     0.73    2.92
  15210.022     6.893    -0.13    2.57
  15585.306     6.536    -0.95    2.29
  15960.578     6.131    -1.08    2.21
  16335.836     5.560    -1.52    1.97
  16711.081     5.325    -0.62    1.65
  17086.314     5.128    -0.52    1.44
  17461.533     5.250     0.33    1.50
  17836.739     5.738     1.30    2.20
  18211.932     6.726     2.63    3.37
  18587.112     7.583     2.28    3.22
  18962.280     8.440     2.28    3.06
  19337.434     9.737     3.46    3.31
  19712.575    10.845     2.95    3.53
  20087.703    11.860     2.70    3.24
  20462.818    12.845     2.63    2.82
  20837.920    13.679     2.22    2.46
  21213.009    13.855     0.47    2.84
  21588.086    14.523     1.78    2.87
  21963.149    15.225     1.87    2.51
  22338.199    15.893     1.78    1.96
  22713.236    16.583     1.84    2.16
  23088.260    17.071     1.30    2.14
  23463.272    17.341     0.72    2.30
  23838.270    17.327    -0.04    2.65
  24213.255    15.950    -3.67    3.46
  24588.227    15.860    -0.24    3.38
  24963.187    16.982     2.99    5.08
  25338.133    19.204     5.93    6.86
  25713.067    22.750     9.46    7.00
  26087.987    26.275     9.40    6.55
  26462.895    27.821     4.12    7.65
  26837.789    28.274     1.21    7.90
  27212.671    28.445     0.46    8.45
  27587.540    27.700    -1.99    6.93
  27962.396    27.800     0.27    5.79
  28337.238    27.700    -0.27    6.11
  28712.068    27.104    -1.59    5.58
  29086.885    26.702    -1.07    4.99
  29461.689    26.583    -0.32    4.58
  29836.480    27.631     2.80    4.16
  30211.259    27.860     0.61    4.56
  30586.024    29.250     3.71    4.92
  30960.776    30.323     2.86    5.31
  31335.516    29.591    -1.95    5.57
  31710.242    28.689    -2.41    5.62
  32084.956    28.689     0.00    5.77
  32459.657    28.055    -1.69    5.95
  32834.345    27.566    -1.31    6.31
  33209.020    25.107    -6.56    5.61
  33583.682    22.558    -6.80    5.52
  33958.331    18.738   -10.20    6.60
  34332.967    16.940    -4.80    6.49
  34707.591    16.000    -2.51    6.40
  35082.201    16.808     2.16    6.02
  35456.799    17.724     2.44    4.95
  35831.384    16.390    -3.56    5.37
  36205.956    13.275    -8.31    5.00
  36580.515    11.607    -4.45    4.77
  36955.061     9.536    -5.53    3.83
  37329.594     7.378    -5.76    2.90
  37704.115     5.345    -5.43    3.06
  38078.623     3.404    -5.18    2.21
  38453.117     3.128    -0.74    2.29
  38827.599     2.738    -1.04    2.66
  39202.069     2.665    -0.20    2.99
  39576.525     3.006     0.91    2.87
  39950.968     3.045     0.10    2.64
  40325.399     3.550     1.35    2.46
  40699.817     4.225     1.80    2.06
  41074.237     4.440     0.58    1.92
  41451.215     4.762     0.85    1.73
  41828.179     4.988     0.60    1.73
  42205.130     4.811    -0.47    1.64
  42582.068     4.950     0.37    2.00
  42958.993     4.713    -0.63    2.35
  43335.906     4.512    -0.53    3.46
  43712.805     5.655     3.03    5.41
  44089.691     6.893     3.28    6.68
  44466.564     8.950     5.46    7.37
  44843.424     9.950     2.65    6.68
  45220.272     9.900    -0.13    5.80
  45597.106     9.543    -0.95    4.84
  45973.927     7.957    -4.21    4.85
  46350.735     5.689    -6.02    5.11
  46727.531     3.031    -7.06    5.29
  47104.313     0.712    -6.15    3.71
  47481.083    -0.274    -2.62    2.64
  47857.839    -0.140     0.35    2.47
  48234.583     0.274     1.10    2.20
  48611.313     0.321     0.13    2.03
  48988.031     0.224    -0.26    2.11
  49364.735    -0.114    -0.90    2.33
  49741.427    -0.482    -0.98    2.43
  50118.106    -1.091    -1.62    2.67
  50494.772    -1.799    -1.88    2.99
  50871.425    -2.487    -1.83    2.80
  51248.065    -2.545    -0.16    3.14
  51624.692    -2.400     0.39    3.25
  52001.306    -2.726    -0.86    3.03
  52377.907    -3.360    -1.68    3.11
  52754.495    -3.955    -1.58    2.48
  53131.071    -4.295    -0.90    2.23
  53507.633    -4.263     0.09    2.27
  53884.183    -4.425    -0.43    1.93
  54260.719    -4.872    -1.19    1.40
  54637.243    -5.237    -0.97    1.12
  55013.754    -5.192     0.12    1.94
  55390.252    -4.539     1.73    3.86
  55766.737    -2.375     5.75    8.18
  56143.209     1.543    10.41   12.55
  56519.668     4.128     6.87   14.19
  56896.115     8.298    11.08   19.67
  57272.548    14.250    15.81   24.22
  57648.969    16.450     5.84   25.65
  58025.376    21.525    13.48   31.14
  58401.771    28.591    18.77   33.07
  58778.153    35.177    17.50   36.02
  59154.523    47.348    32.34   41.82
  59530.879    53.375    16.01   43.32
  59907.222    60.625    19.26   50.39
  60283.553    64.440    10.14   51.19
  60659.871    68.128     9.80   52.60
  61036.175    74.845    17.85   54.53
  61412.468    82.445    20.20   52.73
  61788.747    77.125   -14.14   48.33
  62165.013    71.575   -14.75   41.31
  62541.267    74.518     7.82   41.11
  62917.507    80.079    14.78   38.28
  63293.735    91.177    29.50   34.42
  63669.950    98.567    19.64   37.22
  64046.152   105.104    17.37   35.63
  64422.342   106.609     4.00   34.01
  64798.518   106.631     0.06   29.43
  65174.682   101.640   -13.27   25.04
  65550.833    97.060   -12.18   26.09
  65926.971    87.075   -26.54   28.32
  66303.097    73.066   -37.24   28.80
  66679.209    59.182   -36.91   26.45
  67055.309    51.250   -21.09   19.20
  67431.396    57.567    16.80   22.57
  67807.470    76.860    51.30   27.74
  68183.531    88.404    30.70   24.09
  68559.580    90.977     6.84   23.62
  68935.616    91.378     1.07   22.38
  69311.639    84.835   -17.40   22.35
  69687.649    75.762   -24.13   21.54
  70063.646    66.788   -23.87   18.29
  70439.631    62.409   -11.65   19.56
  70815.603    64.487     5.53   24.46
  71191.562    70.128    15.00   27.11
  71567.509    73.274     8.37   26.87
  71943.442    72.665    -1.62   25.86
  72319.363    70.645    -5.37   21.06
  72695.271    66.750   -10.36   14.64
  73071.167    65.975    -2.06   11.88
  73447.049    65.964    -0.03   10.10
  73822.919    66.591     1.67    6.96
  74198.776    68.964     6.31    6.80
  74574.621    70.800     4.88    5.27
  74950.452    73.650     7.58    5.73
  75326.271    75.917     6.03    5.68
  75702.078    77.012     2.91    5.16
  76077.871    77.201     0.50    6.00
  76453.652    75.762    -3.83    5.52
  76829.420    71.909   -10.25    7.36
  77205.175    66.800   -13.59    8.39
  77580.918    61.835   -13.21    7.96
  77956.648    56.821   -13.34    5.75
  78332.365    52.933   -10.35    6.21
  78708.070    48.079   -12.92    6.70
  79083.762    43.325   -12.65    6.28
  79459.441    37.950   -14.31    5.91
  79835.107    33.455   -11.96    5.32
  80210.761    29.128   -11.52    5.15
  80586.402    25.006   -10.97    5.09
  80962.031    23.104    -5.06    4.93
  81337.646    21.475    -4.34    5.27
  81713.249    20.197    -3.40    5.41
  82088.840    21.227     2.74    5.65
  82464.417    23.635     6.41    6.91
  82839.982    26.464     7.53    5.95
  83215.535    27.400     2.49    4.95
  83591.075    27.173    -0.60    4.66
  83966.602    25.682    -3.97    5.00
  84342.116    24.199    -3.95    5.45
  84717.618    24.250     0.14    5.32
  85093.107    25.640     3.70    6.84
  85468.583    28.348     7.21    7.27
  85844.047    33.886    14.75    7.63
  86219.498    36.355     6.58    7.75
  86594.937    39.202     7.58    6.02
  86970.363    44.488    14.08    7.11
  87345.776    48.762    11.38    7.90
  87721.177    53.543    12.73    6.50
  88096.565    55.994     6.53    5.51
  88471.940    58.811     7.51    5.98
  88847.303    60.750     5.17    6.14
  89222.653    63.055     6.14    5.00
  89597.991    63.738     1.82    5.10
  89973.316    65.445     4.55    5.10
  90348.628    67.900     6.54    5.37
  90723.928    70.609     7.22    5.48
  91099.215    72.738     5.67    5.39
  91474.489    75.012     6.06    5.04
  91849.751    76.000     2.63    4.31
  92225.001    74.012    -5.30    5.65
  92600.237    71.200    -7.49    6.67
  92975.462    66.762   -11.83    6.98
  93350.673    64.000    -7.36    7.32
  93725.872    61.226    -7.39    7.57
  94101.059    58.825    -6.40    7.54
  94476.233    54.640   -11.15    7.71
  94851.394    50.512   -11.00    7.84
  95226.543    48.737    -4.73    7.40
  95601.679    51.512     7.40    7.70
  95976.803    55.276    10.03    6.42
  96351.914    58.012     7.29    4.85
  96727.012    59.179     3.11    4.83
  97102.098    58.825    -0.94    4.81
  97477.172    60.087     3.36    4.74
  97852.232    60.408     0.85    5.17
  98227.281    60.669     0.70    6.37
  98602.317    61.775     2.95    7.21
  98977.340    60.679    -2.92    7.04
  99352.351    59.655    -2.73    5.91
  99727.349    57.635    -5.39    6.80
 100102.335    54.250    -9.03    7.38
 100477.308    51.013    -8.63    6.01
 100852.268    47.982    -8.08    5.22
 101227.216    46.025    -5.22    5.40
 101602.152    42.762    -8.70    7.08
 101977.075    37.079   -15.16    8.15
 102351.986    32.575   -12.01    7.43
 102726.884    29.450    -8.33    6.02
 103101.770    28.550    -2.40    6.00
 103476.643    30.726     5.80    7.53
 103851.503    32.800     5.53    6.73
 104226.351    34.012     3.23    7.13
 104601.187    32.909    -2.94    7.85
 104976.010    29.968    -7.84    7.55
 105350.821    30.350     1.02    6.89
 105725.619    31.325     2.60    7.67
 106100.405    36.738    14.44    8.31
 106475.178    40.787    10.80    8.08
 106849.939    43.226     6.51    6.79
 107224.687    47.201    10.61    6.43
 107599.423    51.276    10.87    5.52
 107974.146    54.599     8.87    4.47
 108348.857    56.567     5.25    3.57
 108723.556    56.689     0.33    3.72
 109098.242    54.909    -4.75    5.20
 109472.915    51.461    -9.20    5.61
 109847.576    49.455    -5.35    5.52
 110222.225    49.122    -0.89    5.94
 110596.861    48.982    -0.37    5.48
 110971.485    48.421    -1.50    5.37
 111346.096    47.583    -2.24    4.93
 111720.695    48.409     2.20    5.18
 112095.282    50.145     4.63    5.26
 112469.856    53.275     8.36    5.48
 112844.417    54.860     4.23    5.98
 113218.967    57.299     6.51    5.58
 113593.503    59.417     5.65    5.55
 113968.028    61.276     4.96    5.58
 114342.540    64.275     8.01    6.13
 114717.039    67.737     9.24    7.12
 115091.527    71.079     8.92    7.00
 115466.001    74.982    10.42    7.51
 115840.464    76.933     5.21    6.65
 116215.397    79.665     7.29    5.12
 116592.337    80.675     2.68    3.13
 116969.265    79.775    -2.39    2.85
 117346.181    78.202    -4.17    3.39
 117723.083    76.031    -5.76    3.31
 118099.974    74.494    -4.08    2.98
 118476.851    72.201    -6.08    3.33
 118853.717    69.909    -6.08    3.90
 119230.569    67.942    -5.22    4.31
 119607.409    65.369    -6.83    4.47
 119984.237    63.006    -6.27    4.31
 120361.052    61.107    -5.04    4.53
 120737.854    58.850    -5.99    4.33
 121114.644    57.066    -4.73    3.68
 121491.422    56.297    -2.04    3.48
 121868.187    54.933    -3.62    3.90
 122244.939    53.665    -3.37    4.02
 122621.679    51.323    -6.21    3.53
 122998.406    50.829    -1.31    4.06
 123375.121    50.227    -1.60    4.11
 123751.824    49.800    -1.13    4.13
 124128.513    48.543    -3.34    3.81
 124505.191    48.177    -0.97    3.44
 124881.856    49.353     3.12    4.32
 125258.508    51.159     4.80    4.63
 125635.148    52.865     4.53    3.77
 126011.775    53.300     1.15    3.45
 126388.390    52.104    -3.18    3.47
 126764.992    50.404    -4.51    3.80
 127141.582    48.645    -4.67    4.45
 127518.160    46.382    -6.01    3.92
 127894.725    44.125    -5.99    4.39
 128271.277    41.396    -7.25    4.48
 128647.817    39.518    -4.99    4.64
 129024.345    36.811    -7.19    4.82
 129400.860    35.171    -4.36    4.85
 129777.362    33.075    -5.57    4.30
 130153.853    31.725    -3.59    4.65
 130530.330    31.909     0.49    3.92
 130906.795    31.713    -0.52    3.23
 131283.248    31.250    -1.23    3.35
 131659.689    30.660    -1.57    3.95
 132036.117    29.875    -2.09    4.37
 132412.532    28.470    -3.73    4.37
 132788.935    26.811    -4.41    4.70
 133165.326    25.821    -2.63    4.62
 133541.704    23.860    -5.21    4.08
 133918.070    22.942    -2.44    4.43
 134294.423    21.775    -3.10    4.98
 134670.764    19.600    -5.78    5.04
 135047.092    17.665    -5.14    4.99
 135423.409    15.494    -5.77    4.85
 135799.712    14.518    -2.59    5.15
 136176.003    12.713    -4.80    5.61
 136552.282    11.199    -4.03    5.30
 136928.549     9.835    -3.62    4.57
 137304.803     7.762    -5.51    4.04
 137681.045     6.274    -3.95    3.34
 138057.274     4.488    -4.75    2.16
 138433.491     3.697    -2.10    1.52
 138809.695     3.750     0.14    1.53
 139185.887     3.567    -0.49    1.81
 139562.067     3.543    -0.06    1.91
 139938.234     3.811     0.71    1.86
 140314.389     3.645    -0.44    2.02
 140690.532     3.297    -0.93    1.93
 141066.662     3.250    -0.12    1.83
 141442.780     2.988    -0.70    1.70
 141818.886     3.226     0.63    1.77
 142194.979     3.788     1.49    1.57
 142571.060     3.845     0.15    1.48
 142947.128     3.968     0.33    1.26
 143323.184     3.543    -1.13    1.50
 143699.228     3.396    -0.39    1.33
 144075.259     3.550     0.41    1.36
 144451.279     3.860     0.82    1.55
 144827.285     4.675     2.17    2.34
 145203.280     5.957     3.41    2.24
 145579.262     6.800     2.24    2.15
 145955.231     6.689    -0.30    2.37
 146331.189     5.950    -1.97    2.57
 146707.134     4.640    -3.48    2.53
 147083.067     3.640    -2.66    1.92
 147458.987     3.518    -0.32    1.63
 147834.895     3.275    -0.65    1.59
 148210.791     3.012    -0.70    1.57
 148586.675     2.909    -0.27    1.54
 148962.546     2.738    -0.45    1.60
 149338.405     2.968     0.61    1.73
 149714.252     2.625    -0.91    1.84
 150090.086     2.050    -1.53    1.88
 150465.908     1.567    -1.28    1.72
 150841.718     1.369    -0.53    1.53
 151217.515     1.450     0.22    1.68
 151593.300     1.155    -0.79    1.91
 151969.073     1.250     0.25    1.93
 152344.834     1.591     0.91    2.37
 152720.582     2.323     1.95    2.45
 153096.318     4.025     4.53    2.78
 153472.042     4.845     2.18    2.51
 153847.754     4.645    -0.53    2.32
 154223.453     4.227    -1.11    2.48
 154599.140     3.200    -2.73    2.51
 154974.815     2.821    -1.01    2.79
 155350.477     2.012    -2.15    2.61
 155726.127     1.019    -2.64    2.10
 156101.765     0.631    -1.03    2.26
 156477.391    -0.135    -2.04    2.05
 156853.005    -0.560    -1.13    1.70
 157228.606    -1.018    -1.22    1.05
 157604.195    -0.981     0.10    1.13
 157979.772    -1.012    -0.08    0.96
 158355.337    -0.925     0.23    1.03
 158730.889    -0.384     1.44    1.32
 159106.429     0.200     1.56    1.30
 159481.957     0.640     1.17    1.28
 159857.473     0.800     0.43    1.45
 160232.976     0.835     0.09    1.43
 160608.468     1.323     1.30    1.77
 160983.947     1.798     1.26    2.10
 161359.414     2.125     0.87    2.19
 161734.868     2.060    -0.17    2.19
 162110.311     2.274     0.57    2.31
 162485.741     1.494    -2.08    2.50
 162861.159     0.950    -1.45    2.73
 163236.565    -0.287    -3.29    2.67
 163611.959    -1.300    -2.70    2.31
 163987.340    -1.725    -1.13    1.75
 164362.710    -1.940    -0.57    1.86
 164738.067    -2.083    -0.38    2.30
 165113.412    -2.821    -1.97    2.72
 165488.745    -3.570    -2.00    2.60
 165864.065    -4.012    -1.18    2.62
 166239.374    -4.940    -2.47    3.00
 166614.670    -5.700    -2.02    2.93
 166989.954    -6.798    -2.92    2.44
 167365.226    -7.645    -2.26    1.43
 167740.486    -7.679    -0.09    1.28
 168115.734    -7.725    -0.12    1.23
 168490.969    -7.482     0.65    1.23
 168866.193    -7.417     0.17    1.26
 169241.404    -7.365     0.14    1.33
 169616.603    -6.917     1.20    1.43
 169991.790    -6.288     1.67    1.88
 170366.965    -5.774     1.37    1.80
 170742.128    -5.200     1.53    1.71
 171117.278    -3.675     4.06    2.85
 171492.417    -1.625     5.46    3.07
 171867.543     1.150     7.40    3.35
 172242.658     5.006    10.28    5.22
 172617.760     9.470    11.90    6.24
 172992.850    13.560    10.90    6.16
 173367.928    17.825    11.37    4.17
 173742.993    20.226     6.40    3.60
 174118.047    22.055     4.88    5.01
 174493.089    22.650     1.59    6.65
 174868.118    22.650     0.00    7.24
 175243.136    22.543    -0.29    6.81
 175618.141    21.150    -3.71    5.84
 175993.134    21.787     1.70    5.14
 176368.115    24.609     7.53    4.95
 176743.084    28.321     9.90    6.05
 177118.041    34.942    17.66    9.11
 177492.986    40.543    14.93    9.16
 177867.919    46.560    16.05    9.15
 178242.840    51.675    13.64    8.68
 178617.749    50.655    -2.72    9.55
 178992.645    52.118     3.90    9.92
 179367.530    52.692     1.53   11.77
 179742.402    53.300     1.62   12.72
 180117.263    57.250    10.54    9.98
 180492.111    56.988    -0.70    9.61
 180866.948    52.942   -10.79    9.80
 181241.772    49.512    -9.15    9.89
 181616.584    42.404   -18.96    9.52
 181991.384    40.131    -6.06   10.25
 182366.173    35.175   -13.22   10.96
 182740.949    31.225   -10.54   11.50
 183115.713    29.250    -5.27   12.12
 183490.465    26.025    -8.60   13.00
 183865.205    23.738    -6.10   10.77
 184239.933    19.975   -10.04    9.43
 184614.649    16.869    -8.29    7.89
 184989.353    14.300    -6.86    6.56
 185364.045    10.988    -8.84    6.73
 185738.725     7.957    -8.09    6.47
 186113.393     4.645    -8.84    6.11
 186488.049     0.125   -12.06    6.40
 186862.693    -3.975   -10.94    6.10
 187237.325    -8.482   -12.03    4.70
 187611.945   -11.677    -8.53    3.56
 187986.553   -13.825    -5.73    2.69
 188361.149   -14.631    -2.15    2.40
 188735.733   -15.442    -2.17    1.92
 189110.305   -15.464    -0.06    1.69
 189484.865   -15.750    -0.76    1.48
 189859.413   -15.384     0.98    1.56
 190233.949   -15.369     0.04    1.74
 190608.473   -15.697    -0.88    1.72
 190982.985   -14.936     2.03    2.32
 191358.420   -14.200     1.96    2.47
 191735.319   -14.107     0.25    2.48
 192112.206   -14.774    -1.77    2.82
 192489.081   -16.160    -3.68    2.15
 192865.944   -17.155    -2.64    1.52
 193242.795   -17.647    -1.31    1.31
 193619.634   -17.940    -0.78    1.37
 193996.461   -17.900     0.11    1.44
 194373.275   -17.929    -0.08    1.35
 194750.078   -17.774     0.41    1.22
 195126.868   -17.575     0.53    1.41
 195503.646   -16.845     1.94    2.00
 195880.412   -16.969    -0.33    2.71
 196257.166   -18.850    -4.99    3.59
 196633.908   -20.550    -4.51    3.26
 197010.638   -21.671    -2.98    2.33
 197387.356   -21.263     1.08    2.49
 197764.062   -21.131     0.35    2.55
 198140.755   -20.043     2.89    3.00
 198517.437   -19.043     2.65    3.23
 198894.107   -17.500     4.10    2.74
 199270.764   -16.058     3.83    1.47
 199647.409   -15.391     1.77    1.90
 200024.043   -14.628     2.03    2.09
 200400.664   -13.555     2.85    2.11
 200777.273   -12.800     2.00    2.15
 201153.870   -11.825     2.59    1.85
 201530.455   -10.355     3.90    3.31
 201907.028    -6.921     9.12    5.31
 202283.589    -2.750    11.07    5.37
 202660.138     1.372    10.95    4.42
 203036.675     4.825     9.17    4.57
 203413.200     8.039     8.54    4.31
 203789.713    10.622     6.86    3.60
 204166.214    12.327     4.53    2.77
 204542.703    13.100     2.05    2.42
 204919.179    14.275     3.12    2.50
 205295.644    15.147     2.32    3.01
 205672.097    16.159     2.69    3.15
 206048.538    17.609     3.85    3.28
 206424.966    18.055     1.18    3.47
 206801.383    18.600     1.45    3.28
 207177.788    19.430     2.20    3.28
 207554.180    20.855     3.79    3.86
 207930.561    22.303     3.85    3.55
 208306.930    22.900     1.59    3.50
 208683.286    26.055     8.38    3.89
 209059.631    28.079     5.38    4.67
 209435.964    31.226     8.36    5.46
 209812.285    34.513     8.73    5.19
 210188.593    38.275    10.00    5.31
 210564.890    41.575     8.77    5.11
 210941.175    43.982     6.40    5.38
 211317.448    46.079     5.57    4.85
 211693.709    47.250     3.11    4.39
 212069.957    49.071     4.84    4.43
 212446.194    51.378     6.13    4.23
 212822.419    53.625     5.97    4.45
 213198.632    57.925    11.43    5.41
 213574.833    62.079    11.04    6.72
 213951.023    67.982    15.69    7.87
 214327.200    73.803    15.47    6.47
 214703.365    78.550    12.62    5.96
 215079.518    82.925    11.63    7.31
 215455.659    86.713    10.07    7.55
 215831.789    90.884    11.09    7.03
 216207.906    93.000     5.62    7.32
 216584.012    92.631    -0.98    9.22
 216960.105    92.686     0.15    9.86
 217336.187    94.226     4.09   10.04
 217712.257    97.811     9.53    9.99
 218088.315   103.000    13.80    9.23
 218464.361   108.869    15.60    9.01
 218840.395   113.513    12.35    8.96
 219216.417   116.250     7.28    8.99
 219592.427   120.200    10.50    7.94
 219968.425   122.575     6.32    7.50
 220344.411   124.893     6.16    7.48
 220720.386   128.122     8.59    9.25
 221096.348   131.655     9.40   11.95
 221472.299   133.375     4.57   14.76
 221848.238   137.299    10.44   14.85
 222224.165   134.700    -6.91   14.35
 222600.080   130.865   -10.20   10.29
 222975.983   126.940   -10.44    9.25
 223351.874   122.917   -10.70    8.47
 223727.754   121.104    -4.82    9.54
 224103.621   117.079   -10.71   11.36
 224479.477   111.100   -15.91   10.49
 224855.321   107.450    -9.71   11.39
 225231.152   104.301    -8.38   10.62
 225606.973   104.300    -0.00   10.90
 225982.781   105.655     3.60   11.15
 226358.577   105.200    -1.21   10.88
 226734.362   103.512    -4.49   11.82
 227110.134    97.350   -16.40   12.78
 227485.895    90.994   -16.91   11.68
 227861.644    90.353    -1.71    9.89
 228237.381    93.201     7.58    9.90
 228613.106   100.933    20.57   11.42
 228988.820   107.225    16.74    8.62
 229364.521   108.400     3.13    7.24
 229740.211   106.487    -5.09    8.77
 230115.889   102.417   -10.83    8.23
 230491.555   100.583    -4.88    6.90
 230867.209   102.006     3.79    6.61
 231242.852   101.950    -0.15    6.90
 231618.483    99.096    -7.60    8.67
 231994.101    93.500   -14.90    7.96
 232369.709    92.378    -2.99    6.80
 232745.304    96.591    11.22    9.17
 233120.887   104.175    20.19   11.35
 233496.459   111.250    18.83   10.89
 233872.019   117.068    15.49    9.56
 234247.567   121.934    12.96    8.52
 234623.103   126.275    11.56    9.00
 234998.628   131.488    13.88   10.31
 235374.140   136.591    13.59   12.82
 235749.641   144.107    20.01   12.37
 236125.130   151.942    20.86    9.20
 236500.608   157.274    14.20    8.67
 236876.073   157.850     1.53    7.88
 237251.527   152.665   -13.81   10.04
 237626.969   145.450   -19.21   11.42
 238002.399   140.025   -14.45    9.54
 238377.818   138.567    -3.88    8.30
 238753.225   138.400    -0.44   10.33
 239128.620   143.500    13.58   10.50
 239504.003   146.125     6.99    8.46
 239879.374   142.800    -8.86    9.20
 240254.734   140.665    -5.69   10.24
 240630.082   136.933    -9.94   10.23
 241005.418   132.762   -11.11    9.68
 241380.743   129.506    -8.67   10.98
 241756.056   122.155   -19.58   10.55
 242131.357   115.982   -16.45    8.44
 242506.646   111.125   -12.94    6.69
 242881.924   107.075   -10.79    5.37
 243257.190   103.303   -10.05    6.26
 243632.444    98.000   -14.13    8.20
 244007.686    91.850   -16.39    8.49
 244382.917    87.625   -11.26    7.78
 244758.136    82.811   -12.83    4.81
 245133.343    80.506    -6.14    4.15
 245508.539    78.631    -5.00    3.87
 245883.723    76.147    -6.62    3.75
 246258.895    74.800    -3.59    3.07
 246634.056    74.079    -1.92    2.61
 247009.204    74.445     0.98    2.87
 247384.342    76.884     6.50    5.29
 247759.467    80.461     9.53    7.08
 248134.581    83.650     8.50    6.75
 248509.683    87.125     9.26    6.32
 248884.773    91.543    11.78    7.01
 249259.852    96.650    13.61    7.42
 249634.919   101.470    12.85    7.93
 250009.974   106.150    12.48    7.04
 250385.018   108.327     5.80    5.63
 250760.050   109.850     4.06    5.20
 251135.070   111.300     3.87    6.12
 251510.079   113.128     4.87    6.60
 251885.076   116.323     8.52    6.46
 252260.062   118.750     6.47    5.33
 252635.035   119.811     2.83    4.83
 253009.997   121.045     3.29    4.79
 253384.948   120.787    -0.69    6.38
 253759.887   118.250    -6.76    7.05
 254134.814   116.300    -5.20    6.82
 254509.729   112.798    -9.34    5.63
 254884.633   111.066    -4.62    4.68
 255259.525   109.390    -4.47    4.83
 255634.406   106.700    -7.17    6.18
 256009.275   105.031    -4.45    6.49
 256384.132   101.893    -8.37    5.53
 256758.978    98.814    -8.21    5.16
 257133.812    95.655    -8.43    5.77
 257508.635    91.583   -10.86    5.57
 257883.446    89.700    -5.02    5.16
 258258.245    87.850    -4.94    4.89
 258633.033    88.150     0.80    4.31
 259007.809    89.616     3.91    4.83
 259382.574    92.917     8.81    5.84
 259757.326    97.200    11.43    5.66
 260132.068   101.450    11.34    5.09
 260506.797   105.179     9.95    5.78
 260881.516   109.550    11.66    6.49
 261256.222   113.512    10.57    7.31
 261630.917   118.175    12.44    6.95
 262005.601   123.092    13.12    6.94
 262380.272   129.050    15.90    8.60
 262754.933   132.750     9.87    7.63
 263129.581   135.175     6.47    7.59
 263504.218   137.396     5.93    7.79
 263878.844   138.378     2.62    6.70
 264253.458   136.774    -4.28    7.29
 264628.060   133.814    -7.90    8.44
 265002.651   128.560   -14.02    9.11
 265377.230   121.445   -18.99    8.49
 265751.798   116.625   -12.87    7.43
 266126.354   112.964    -9.77    6.58
 266502.264   113.434     1.25    7.68
 266879.126   116.012     6.84    9.40
 267255.975   120.375    11.58    9.20
 267632.813   121.982     4.26    9.52
 268009.639   119.131    -7.56    8.95
 268386.453   119.327     0.52    7.42
 268763.256   118.655    -1.78    6.42
 269140.047   117.494    -3.08    7.04
 269516.827   113.226   -11.33    9.75
 269893.594   107.421   -15.40    8.46
 270270.351   103.353   -10.80    7.49
 270647.095   101.950    -3.72    6.30
 271023.828   100.737    -3.22    6.22
 271400.549    99.713    -2.72    6.89
 271777.258    99.150    -1.50    6.85
 272153.956    97.917    -3.27    6.40
 272530.642    99.725     4.80    6.58
 272907.317   103.150     9.09    6.39
 273283.979   106.625     9.22    7.59
 273660.631   110.800    11.08    7.41
 274037.270   113.575     7.37    8.02
 274413.898   117.738    11.05    8.74
 274790.514   124.327    17.49    9.26
 275167.119   131.175    18.18    8.35
 275543.712   133.558     6.33    6.69
 275920.293   132.055    -3.99    7.34
 276296.863   129.274    -7.38    8.12
 276673.421   127.036    -5.94    7.40
 277049.968   125.421    -4.29    7.72
 277426.503   122.455    -7.87   10.22
 277803.026   115.483   -18.51   12.79
 278179.538   109.250   -16.55   10.17
 278556.038   109.075    -0.46   10.03
 278932.526   113.323    11.28   10.98
 279309.003   117.671    11.55    8.92
 279685.469   114.878    -7.42   11.32
 280061.922   109.000   -15.61   12.90
 280438.364   103.884   -13.59   11.01
 280814.795    99.348   -12.05    7.14
 281191.214   100.840     3.96    6.76
 281567.621   103.298     6.53    7.33
 281944.017   108.430    13.63    9.28
 282320.401   112.787    11.57   10.00
 282696.774   118.875    16.17   10.43
 283073.135   125.071    16.46    8.38
 283449.484   128.299     8.58    7.37
 283825.822   129.092     2.11    9.08
 284202.149   126.616    -6.58   10.00
 284578.464   120.372   -16.59   10.87
 284954.767   114.200   -16.40   10.76
 285331.058   111.950    -5.98    7.79
 285707.339   112.276     0.87    7.13
 286083.607   116.378    10.90    8.64
 286459.864   117.860     3.94    7.75
 286836.110   117.350    -1.35    6.65
 287212.344   119.988     7.01    7.86
 287588.566   122.975     7.94    9.16
 287964.777   133.404    27.72   13.18
 288340.976   145.250    31.48   14.50
 288717.164   150.860    14.91   12.60
 289093.341   150.762    -0.26   12.63
 289469.505   144.675   -16.18   13.37
 289845.659   139.050   -14.95   10.69
 290221.801   137.539    -4.02   10.18
 290597.931   135.964    -4.19    9.39
 290974.050   135.591    -0.99    8.21
 291350.157   133.875    -4.56    6.23
 291726.252   131.950    -5.12    6.64
 292102.337   131.891    -0.16    7.25
 292478.409   135.205     8.81    8.99
 292854.471   136.891     4.48    9.40
 293230.520   138.350     3.88    9.11
 293606.559   137.909    -1.17    7.96
 293982.585   138.122     0.57    7.12
 294358.601   141.726     9.58    8.44
 294734.605   147.378    15.03    8.87
 295110.597   153.625    16.61    8.45
 295486.578   161.201    20.15    9.74
 295862.547   169.226    21.34   12.06
 296238.505   174.762    14.72   11.37
 296614.451   181.566    18.09   12.63
 296990.386   182.275     1.89   11.26
 297366.310   186.500    11.24   11.02
 297742.222   193.250    17.95   13.88
 298118.123   205.550    32.71   22.50
 298494.012   219.713    37.67   24.85
 298869.889   237.425    47.11   31.53
 299245.756   244.725    19.42   33.08
 299621.611   247.775     8.11   34.56
 299997.454   241.762   -15.99   35.75
 300373.286   224.950   -44.72   28.45
 300749.106   213.224   -31.20   17.29
 301124.915   207.596   -14.97   16.24
